U,d,sigma1,sigma2,sigma3,r,t,e,a,b,n
5,2002,4,0,0,1,1,2002,4455,4,4459
5,2002,4,0,0,1,1,2002,27885,4,27889
5,2002,7,0,0,1,1,2002,13520,7,13527
5,2002,9,0,0,1,1,2002,2695,9,2704
5,2002,24,0,0,1,1,2002,15125,72,15197
5,2002,49,0,0,1,1,2002,16335,49,16384
5,2002,167,0,0,1,1,2002,16640,167,16807
5,2002,169,0,0,1,1,2002,5760,169,5929
5,2002,169,0,0,1,1,2002,27720,169,27889
5,2002,334,0,0,1,1,2002,10985,334,11319
5,2002,432,0,0,1,1,2002,875,1296,2171
5,2002,512,0,0,1,1,2002,625,2048,2673
5,2002,1352,0,0,1,1,2002,835,1352,2187
5,2002,1792,0,0,1,1,2002,405,1792,2197
5,2002,1837,0,0,1,1,2002,360,1837,2197
5,2004,729,0,0,1,1,2004,125,2187,2312
5,2014,16,0,0,1,1,2014,2385,16,2401
5,2014,361,0,0,1,1,2014,14045,361,14406
5,2014,729,0,0,1,1,2014,16960,729,17689
5,2014,1484,0,0,1,1,2014,625,5936,6561
5,2014,1696,0,0,1,1,2014,1225,3392,4617
5,2022,4,0,0,1,1,2022,3025,8,3033
5,2022,27,0,0,1,1,2022,3680,27,3707
5,2022,512,0,0,1,1,2022,625,2048,2673
5,2042,224,0,0,1,1,2042,5105,224,5329
5,2044,1,0,0,1,1,2044,9855,1,9856
5,2044,1,0,0,1,1,2044,15840,1,15841
5,2044,4,0,0,1,1,2044,11315,4,11319
5,2044,16,0,0,1,1,2044,24025,32,24057
5,2044,31,0,0,1,1,2044,3025,62,3087
5,2044,36,0,0,1,1,2044,15625,216,15841
5,2044,49,0,0,1,1,2044,5280,49,5329
5,2044,49,0,0,1,1,2044,16335,49,16384
5,2044,64,0,0,1,1,2044,9125,192,9317
5,2044,81,0,0,1,1,2044,4015,81,4096
5,2044,146,0,0,1,1,2044,29645,146,29791
5,2044,511,0,0,1,1,2044,3240,511,3751
5,2044,961,0,0,1,1,2044,1440,961,2401
5,2044,1029,0,0,1,1,2044,125,3087,3212
5,2044,1176,0,0,1,1,2044,625,4704,5329
5,2044,1936,0,0,1,1,2044,465,1936,2401
5,2044,1971,0,0,1,1,2044,4805,1971,6776
5,2044,1984,0,0,1,1,2044,25,3968,3993
5,2046,16,0,0,1,1,2046,24025,32,24057
5,2052,1404,0,0,1,1,2052,625,5616,6241
5,2068,363,0,0,1,1,2068,2645,363,3008
5,2070,162,0,0,1,1,2070,12005,162,12167
5,2070,512,0,0,1,1,2070,11655,512,12167
5,2072,17,0,0,1,1,2072,2240,17,2257
5,2074,61,0,0,1,1,2074,2880,61,2941
5,2074,729,0,0,1,1,2074,125,2187,2312
5,2086,1,0,0,1,1,2086,4320,1,4321
5,2086,81,0,0,1,1,2086,2320,81,2401
5,2086,588,0,0,1,1,2086,21025,1176,22201
5,2086,2048,0,0,1,1,2086,225,4096,4321
5,2094,256,0,0,1,1,2094,15625,1536,17161
5,2098,243,0,0,1,1,2098,5245,243,5488
5,2106,1,0,0,1,1,2106,10880,1,10881
5,2106,31,0,0,1,1,2106,10985,31,11016
5,2106,108,0,0,1,1,2106,4805,108,4913
5,2106,961,0,0,1,1,2106,1215,961,2176
5,2110,512,0,0,1,1,2110,625,2048,2673
5,2112,49,0,0,1,1,2112,16335,49,16384
5,2112,512,0,0,1,1,2112,625,2048,2673
5,2128,8,0,0,1,1,2128,11875,32,11907
5,2128,243,0,0,1,1,2128,8875,729,9604
5,2134,1,0,0,1,1,2134,7920,1,7921
5,2134,256,0,0,1,1,2134,2425,512,2937
5,2134,1331,0,0,1,1,2134,4365,1331,5696
5,2140,107,0,0,1,1,2140,2205,107,2312
5,2142,9,0,0,1,1,2142,4480,9,4489
5,2142,32,0,0,1,1,2142,30625,128,30753
5,2142,324,0,0,1,1,2142,4165,324,4489
5,2142,729,0,0,1,1,2142,125,2187,2312
5,2142,867,0,0,1,1,2142,8375,2601,10976
5,2142,1072,0,0,1,1,2142,625,4288,4913
5,2142,1632,0,0,1,1,2142,1225,3264,4489
5,2148,358,0,0,5,1,2148,3125,358,3483
5,2154,49,0,0,1,1,2154,16335,49,16384
5,2156,1,0,0,1,1,2156,6655,1,6656
5,2156,1,0,0,1,1,2156,9295,1,9296
5,2156,11,0,0,5,1,2156,3125,11,3136
5,2160,92,0,0,1,1,2160,2025,184,2209
5,2176,11,0,0,1,1,2176,24565,11,24576
5,2178,363,0,0,5,1,2178,3125,363,3488
5,2182,4,0,0,1,1,2182,14175,8,14183
5,2182,32,0,0,1,1,2182,7605,32,7637
5,2182,1024,0,0,1,1,2182,1225,2048,3273
5,2182,1792,0,0,1,1,2182,405,1792,2197
5,2182,2182,0,0,1,1,2182,5,2182,2187
5,2182,2182,0,0,1,1,2182,15,2182,2197
5,2184,1,0,0,1,1,2184,4095,1,4096
5,2184,486,0,0,1,1,2184,1225,972,2197
5,2184,1944,0,0,1,1,2184,27325,3888,31213
5,2200,512,0,0,1,1,2200,625,2048,2673
5,2202,1024,0,0,1,1,2202,475,2048,2523
5,2208,3,0,0,5,1,2208,3125,3,3128
5,2212,189,0,0,1,1,2212,16195,189,16384
5,2214,1,0,0,1,1,2214,6560,1,6561
5,2220,512,0,0,1,1,2220,625,2048,2673
5,2224,16,0,0,1,1,2224,2385,16,2401
5,2224,1484,0,0,1,1,2224,625,5936,6561
5,2224,1696,0,0,1,1,2224,4865,1696,6561
5,2226,16,0,0,1,1,2226,2385,16,2401
5,2236,1,0,0,1,1,2236,16640,1,16641
5,2236,13,0,0,1,1,2236,16000,39,16039
5,2242,4,0,0,1,1,2242,2295,4,2299
5,2242,4,0,0,1,1,2242,3245,4,3249
5,2242,19,0,0,1,1,2242,3245,19,3264
5,2242,19,0,0,1,1,2242,17405,19,17424
5,2242,27,0,0,1,1,2242,5605,27,5632
5,2242,44,0,0,1,1,2242,16875,176,17051
5,2242,59,0,0,1,1,2242,24565,59,24624
5,2242,204,0,0,1,1,2242,6655,204,6859
5,2242,512,0,0,1,1,2242,1275,1024,2299
5,2242,512,0,0,1,1,2242,625,2048,2673
5,2242,729,0,0,1,1,2242,125,2187,2312
5,2242,729,0,0,1,1,2242,20570,729,21299
5,2242,944,0,0,1,1,2242,3025,1888,4913
5,2242,1444,0,0,1,1,2242,2025,2888,4913
5,2242,2057,0,0,1,1,2242,2560,2057,4617
5,2242,2187,0,0,1,1,2242,24565,2187,26752
5,2244,11,0,0,1,1,2244,24565,11,24576
5,2244,729,0,0,1,1,2244,125,2187,2312
5,2254,1,0,0,1,1,2254,2645,1,2646
5,2254,1,0,0,1,1,2254,25920,1,25921
5,2254,49,0,0,5,1,2254,3125,49,3174
5,2254,64,0,0,1,1,2254,11045,64,11109
5,2254,864,0,0,1,1,2254,575,1728,2303
5,2254,2209,0,0,1,1,2254,735,2209,2944
5,2260,2197,0,0,1,1,2260,1080,2197,3277
5,2262,169,0,0,1,1,2262,4205,169,4374
5,2266,11,0,0,5,1,2266,3125,11,3136
5,2266,128,0,0,1,1,2266,3645,128,3773
5,2266,256,0,0,1,1,2266,2575,512,3087
5,2266,896,0,0,1,1,2266,5665,896,6561
5,2266,1188,0,0,1,1,2266,25,2376,2401
5,2266,2266,0,0,1,1,2266,135,2266,2401
5,2274,1,0,0,1,1,2274,5120,1,5121
5,2278,128,0,0,1,1,2278,5625,512,6137
5,2280,392,0,0,1,1,2280,6075,784,6859
5,2280,2187,0,0,1,1,2280,245,2187,2432
5,2286,1,0,0,1,1,2286,6655,1,6656
5,2292,37,0,0,1,1,2292,5120,37,5157
5,2292,74,0,0,1,1,2292,5625,296,5921
5,2292,432,0,0,1,1,2292,4625,1296,5921
5,2296,1,0,0,1,1,2296,6125,3,6128
5,2296,1,0,0,1,1,2296,6560,1,6561
5,2296,41,0,0,1,1,2296,10935,41,10976
5,2296,328,0,0,1,1,2296,2025,656,2681
5,2296,343,0,0,1,1,2296,8405,343,8748
5,2296,343,0,0,1,1,2296,15360,343,15703
5,2296,486,0,0,1,1,2296,1915,486,2401
5,2296,1681,0,0,1,1,2296,720,1681,2401
5,2308,108,0,0,1,1,2308,14425,216,14641
5,2308,128,0,0,1,1,2308,3645,128,3773
5,2308,1188,0,0,1,1,2308,25,2376,2401
5,2310,512,0,0,1,1,2310,625,2048,2673
5,2312,1424,0,0,1,1,2312,25,2848,2873
5,2314,81,0,0,1,1,2314,28480,81,28561
5,2314,729,0,0,1,1,2314,1780,729,2509
5,2314,729,0,0,1,1,2314,11125,2187,13312
5,2316,76,0,0,1,1,2316,3645,76,3721
5,2322,9,0,0,1,1,2322,6880,9,6889
5,2322,1849,0,0,1,1,2322,5040,1849,6889
5,2332,389,0,0,1,1,2332,2420,389,2809
5,2332,512,0,0,1,1,2332,625,2048,2673
5,2332,864,0,0,1,1,2332,1945,864,2809
5,2332,1089,0,0,1,1,2332,125,3267,3392
5,2344,2344,0,0,1,1,2344,225,4688,4913
5,2346,3,0,0,5,1,2346,3125,3,3128
5,2350,27,0,0,1,1,2350,12005,27,12032
5,2352,49,0,0,1,1,2352,16335,49,16384
5,2352,107,0,0,1,1,2352,8085,107,8192
5,2352,512,0,0,1,1,2352,625,2048,2673
5,2352,729,0,0,1,1,2352,2695,729,3424
5,2356,3,0,0,1,1,2356,16375,9,16384
5,2356,256,0,0,1,1,2356,10935,256,11191
5,2356,256,0,0,1,1,2356,15625,1536,17161
5,2358,3,0,0,1,1,2358,16375,9,16384
5,2358,1728,0,0,1,1,2358,25,3456,3481
5,2364,1,0,0,1,1,2364,2560,1,2561
5,2364,1,0,0,1,1,2364,4095,1,4096
5,2364,1,0,0,1,1,2364,38415,1,38416
5,2364,16,0,0,1,1,2364,15925,32,15957
5,2376,1,0,0,1,1,2376,6560,1,6561
5,2376,451,0,0,1,1,2376,3645,451,4096
5,2376,1681,0,0,1,1,2376,12960,1681,14641
5,2380,1377,0,0,1,1,2380,25,2754,2779
5,2380,2187,0,0,1,1,2380,4165,2187,6352
5,2392,7,0,0,1,1,2392,12160,7,12167
5,2392,14,0,0,1,1,2392,5625,56,5681
5,2392,19,0,0,1,1,2392,15360,19,15379
5,2392,64,0,0,1,1,2392,3185,64,3249
5,2392,92,0,0,1,1,2392,4275,184,4459
5,2392,112,0,0,1,1,2392,2875,336,3211
5,2392,162,0,0,1,1,2392,12005,162,12167
5,2392,247,0,0,1,1,2392,16560,247,16807
5,2392,392,0,0,1,1,2392,6075,784,6859
5,2392,504,0,0,1,1,2392,2375,1512,3887
5,2392,529,0,0,1,1,2392,4655,529,5184
5,2392,529,0,0,1,1,2392,8575,1058,9633
5,2392,567,0,0,1,1,2392,10985,567,11552
5,2392,1444,0,0,1,1,2392,1715,1444,3159
5,2392,1587,0,0,1,1,2392,845,1587,2432
5,2392,1729,0,0,1,1,2392,1215,1729,2944
5,2392,1729,0,0,1,1,2392,2645,1729,4374
5,2392,1862,0,0,1,1,2392,625,7448,8073
5,2392,2187,0,0,1,1,2392,245,2187,2432
5,2392,2197,0,0,1,1,2392,4320,2197,6517
5,2392,2392,0,0,1,1,2392,135,2392,2527
5,2394,729,0,0,1,1,2394,2995,729,3724
5,2400,2187,0,0,1,1,2400,6005,2187,8192
5,2406,16,0,0,1,1,2406,9245,16,9261
5,2412,972,0,0,1,1,2412,2125,2916,5041
5,2412,1072,0,0,1,1,2412,625,4288,4913
5,2416,1,0,0,1,1,2416,4680,1,4681
5,2416,1536,0,0,1,1,2416,19375,6144,25519
5,2434,49,0,0,1,1,2434,24340,49,24389
5,2436,1,0,0,1,1,2436,2645,1,2646
5,2436,1,0,0,1,1,2436,12005,1,12006
5,2436,1,0,0,1,1,2436,25920,1,25921
5,2436,23,0,0,1,1,2436,4240,23,4263
5,2436,58,0,0,1,1,2436,3645,58,3703
5,2436,621,0,0,1,1,2436,3625,1863,5488
5,2436,841,0,0,1,1,2436,3920,841,4761
5,2436,841,0,0,1,1,2436,10935,841,11776
5,2436,1296,0,0,1,1,2436,14045,1296,15341
5,2436,1431,0,0,1,1,2436,2875,4293,7168
5,2436,1863,0,0,1,1,2436,12985,1863,14848
5,2436,2401,0,0,1,1,2436,2645,2401,5046
5,2440,512,0,0,1,1,2440,625,2048,2673
5,2440,2257,0,0,1,1,2440,405,2257,2662
5,2442,4,0,0,1,1,2442,10985,4,10989
5,2442,512,0,0,1,1,2442,625,2048,2673
5,2442,517,0,0,1,1,2442,17280,517,17797
5,2442,832,0,0,1,1,2442,3645,832,4477
5,2442,1739,0,0,1,1,2442,10240,1739,11979
5,2442,2187,0,0,1,1,2442,22000,6561,28561
5,2442,2209,0,0,1,1,2442,495,2209,2704
5,2464,11,0,0,5,1,2464,3125,11,3136
5,2464,49,0,0,1,1,2464,16335,49,16384
5,2464,256,0,0,1,1,2464,14385,256,14641
5,2476,1728,0,0,1,1,2476,25,3456,3481
5,2476,2048,0,0,1,1,2476,1475,4096,5571
5,2476,2401,0,0,1,1,2476,1080,2401,3481
5,2478,1728,0,0,1,1,2478,25,3456,3481
5,2482,657,0,0,1,1,2482,2125,1971,4096
5,2482,1679,0,0,1,1,2482,24565,1679,26244
5,2482,2312,0,0,1,1,2482,9855,2312,12167
5,2494,1,0,0,1,1,2494,16640,1,16641
5,2494,169,0,0,1,1,2494,4205,169,4374
5,2496,256,0,0,1,1,2496,10985,256,11241
5,2506,1,0,0,1,1,2506,3135,1,3136
5,2506,1,0,0,1,1,2506,10240,1,10241
5,2506,1,0,0,1,1,2506,40095,1,40096
5,2506,8,0,0,1,1,2506,11875,32,11907
5,2506,11,0,0,1,1,2506,3580,11,3591
5,2506,76,0,0,1,1,2506,5625,304,5929
5,2506,121,0,0,1,1,2506,31920,121,32041
5,2506,128,0,0,1,1,2506,3645,128,3773
5,2506,243,0,0,1,1,2506,17005,243,17248
5,2506,243,0,0,1,1,2506,22375,729,23104
5,2506,361,0,0,1,1,2506,9845,361,10206
5,2506,361,0,0,1,1,2506,31680,361,32041
5,2506,513,0,0,1,1,2506,6655,513,7168
5,2506,608,0,0,1,1,2506,13425,1216,14641
5,2506,836,0,0,1,1,2506,625,3344,3969
5,2506,1216,0,0,1,1,2506,125,3648,3773
5,2506,1331,0,0,1,1,2506,1805,1331,3136
5,2506,1568,0,0,1,1,2506,625,6272,6897
5,2508,1368,0,0,1,1,2508,25,2736,2761
5,2514,96,0,0,1,1,2514,4625,288,4913
5,2530,512,0,0,1,1,2530,625,2048,2673
5,2532,844,0,0,5,1,2532,3125,844,3969
5,2544,1,0,0,1,1,2544,27135,1,27136
5,2544,9,0,0,1,1,2544,34295,9,34304
5,2546,2048,0,0,1,1,2546,1235,2048,3283
5,2548,153,0,0,1,1,2548,4000,459,4459
5,2548,1728,0,0,1,1,2548,3185,1728,4913
5,2550,232,0,0,1,1,2550,6875,928,7803
5,2550,512,0,0,1,1,2550,625,2048,2673
5,2562,189,0,0,1,1,2562,7625,567,8192
5,2572,52,0,0,1,1,2572,3215,52,3267
5,2572,512,0,0,1,1,2572,625,2048,2673
5,2572,2187,0,0,1,1,2572,16075,4374,20449
5,2572,2187,0,0,1,1,2572,22000,6561,28561
5,2574,1,0,0,1,1,2574,2645,1,2646
5,2574,1,0,0,1,1,2574,3380,1,3381
5,2574,1,0,0,1,1,2574,4095,1,4096
5,2574,1,0,0,1,1,2574,6655,1,6656
5,2574,1,0,0,1,1,2574,8280,1,8281
5,2574,1,0,0,1,1,2574,25920,1,25921
5,2574,4,0,0,1,1,2574,4455,4,4459
5,2574,9,0,0,1,1,2574,2695,9,2704
5,2574,11,0,0,1,1,2574,7360,11,7371
5,2574,11,0,0,5,1,2574,3125,11,3136
5,2574,24,0,0,1,1,2574,7865,24,7889
5,2574,26,0,0,1,1,2574,33275,52,33327
5,2574,49,0,0,1,1,2574,3240,49,3289
5,2574,49,0,0,1,1,2574,16335,49,16384
5,2574,56,0,0,1,1,2574,8125,224,8349
5,2574,64,0,0,1,1,2574,3575,128,3703
5,2574,81,0,0,1,1,2574,14560,81,14641
5,2574,99,0,0,1,1,2574,2645,99,2744
5,2574,121,0,0,1,1,2574,6440,121,6561
5,2574,169,0,0,1,1,2574,5760,169,5929
5,2574,264,0,0,1,1,2574,11375,792,12167
5,2574,616,0,0,1,1,2574,27945,616,28561
5,2574,729,0,0,1,1,2574,2560,729,3289
5,2574,1024,0,0,1,1,2574,1725,2048,3773
5,2574,1331,0,0,1,1,2574,1225,2662,3887
5,2574,1331,0,0,1,1,2574,3430,1331,4761
5,2574,1716,0,0,1,1,2574,15625,10296,25921
5,2574,1944,0,0,1,1,2574,6875,7776,14651
5,2574,2156,0,0,1,1,2574,15625,12936,28561
5,2574,2254,0,0,1,1,2574,5625,9016,14641
5,2574,2401,0,0,1,1,2574,4160,2401,6561
5,2584,1444,0,0,1,1,2584,2025,2888,4913
5,2586,1941,0,0,1,1,2586,2155,1941,4096
5,2596,1728,0,0,1,1,2596,25,3456,3481
5,2596,1936,0,0,1,1,2596,25,3872,3897
5,2616,1,0,0,1,1,2616,11880,1,11881
5,2616,3,0,0,1,1,2616,29645,3,29648
5,2616,8,0,0,1,1,2616,4905,8,4913
5,2616,11,0,0,1,1,2616,12960,11,12971
5,2616,11,0,0,1,1,2616,24565,11,24576
5,2616,16,0,0,1,1,2616,6545,16,6561
5,2616,16,0,0,1,1,2616,13125,64,13189
5,2616,81,0,0,1,1,2616,14080,81,14161
5,2616,121,0,0,1,1,2616,11760,121,11881
5,2616,121,0,0,1,1,2616,20480,121,20601
5,2616,128,0,0,1,1,2616,3645,128,3773
5,2616,128,0,0,1,1,2616,15895,128,16023
5,2616,763,0,0,1,1,2616,7040,763,7803
5,2616,768,0,0,1,1,2616,875,2304,3179
5,2616,1331,0,0,1,1,2616,425,2662,3087
5,2616,1331,0,0,1,1,2616,13005,1331,14336
5,2616,1853,0,0,1,1,2616,1920,1853,3773
5,2616,2401,0,0,1,1,2616,12240,2401,14641
5,2620,27,0,0,1,1,2620,34295,27,34322
5,2622,1024,0,0,1,1,2622,1805,1024,2829
5,2626,1168,0,0,1,1,2626,4225,2336,6561
5,2632,27,0,0,1,1,2632,12005,27,12032
5,2640,512,0,0,1,1,2640,625,2048,2673
5,2652,34,0,0,5,1,2652,3125,34,3159
5,2652,1327,0,0,1,1,2652,2430,1327,3757
5,2658,8,0,0,1,1,2658,11875,32,11907
5,2662,512,0,0,1,1,2662,625,2048,2673
5,2664,1,0,0,1,1,2664,3440,1,3441
5,2664,729,0,0,1,1,2664,26875,2916,29791
5,2664,961,0,0,1,1,2664,1075,1922,2997
5,2676,103,0,0,1,1,2676,4460,103,4563
5,2676,256,0,0,1,1,2676,1875,1024,2899
5,2676,2496,0,0,1,1,2676,625,9984,10609
5,2686,711,0,0,1,1,2686,5120,711,5831
5,2686,1088,0,0,1,1,2686,625,4352,4977
5,2686,2401,0,0,1,1,2686,3840,2401,6241
5,2704,1,0,0,1,1,2704,6560,1,6561
5,2704,1,0,0,1,1,2704,6655,1,6656
5,2704,169,0,0,1,1,2704,5125,507,5632
5,2704,451,0,0,1,1,2704,3645,451,4096
5,2704,1521,0,0,1,1,2704,13120,1521,14641
5,2704,1681,0,0,1,1,2704,12960,1681,14641
5,2706,1,0,0,1,1,2706,6560,1,6561
5,2706,451,0,0,1,1,2706,3645,451,4096
5,2706,1681,0,0,1,1,2706,12960,1681,14641
5,2716,873,0,0,1,1,2716,125,2619,2744
5,2716,2401,0,0,1,1,2716,12125,7203,19328
5,2728,108,0,0,1,1,2728,29575,216,29791
5,2728,128,0,0,1,1,2728,3645,128,3773
5,2728,143,0,0,1,1,2728,4960,143,5103
5,2728,343,0,0,1,1,2728,4805,343,5148
5,2728,2268,0,0,1,1,2728,24025,4536,28561
5,2730,512,0,0,1,1,2730,32955,512,33467
5,2734,1,0,0,1,1,2734,10935,1,10936
5,2734,24,0,0,1,1,2734,6835,24,6859
5,2752,2187,0,0,1,1,2752,10240,2187,12427
5,2754,34,0,0,1,1,2754,4225,68,4293
5,2754,34,0,0,5,1,2754,3125,34,3159
5,2754,424,0,0,1,1,2754,2025,848,2873
5,2754,729,0,0,1,1,2754,2080,729,2809
5,2764,1,0,0,1,1,2764,3455,1,3456
5,2770,277,0,0,5,1,2770,3125,277,3402
5,2772,7,0,0,1,1,2772,7220,7,7227
5,2772,9,0,0,1,1,2772,5320,9,5329
5,2772,49,0,0,1,1,2772,5280,49,5329
5,2772,49,0,0,1,1,2772,7695,49,7744
5,2772,49,0,0,1,1,2772,16335,49,16384
5,2772,57,0,0,1,1,2772,3520,57,3577
5,2772,64,0,0,1,1,2772,9125,192,9317
5,2772,112,0,0,1,1,2772,3025,224,3249
5,2772,147,0,0,1,1,2772,2375,441,2816
5,2772,209,0,0,1,1,2772,5120,209,5329
5,2772,392,0,0,1,1,2772,6075,784,6859
5,2772,484,0,0,1,1,2772,1825,968,2793
5,2772,657,0,0,1,1,2772,2000,1971,3971
5,2772,1029,0,0,1,1,2772,125,3087,3212
5,2772,1152,0,0,1,1,2772,3025,2304,5329
5,2772,1152,0,0,1,1,2772,26645,1152,27797
5,2772,1444,0,0,1,1,2772,3025,2888,5913
5,2772,2052,0,0,1,1,2772,1225,4104,5329
5,2772,2052,0,0,1,1,2772,1825,4104,5929
5,2772,2052,0,0,1,1,2772,625,8208,8833
5,2772,2527,0,0,1,1,2772,275,5054,5329
5,2772,2527,0,0,1,1,2772,32805,2527,35332
5,2782,27,0,0,1,1,2782,13375,81,13456
5,2782,107,0,0,1,1,2782,40960,107,41067
5,2782,169,0,0,1,1,2782,4205,169,4374
5,2782,464,0,0,1,1,2782,10985,464,11449
5,2784,64,0,0,1,1,2784,4975,128,5103
5,2784,81,0,0,1,1,2784,6125,243,6368
5,2788,108,0,0,1,1,2788,4805,108,4913
5,2808,8,0,0,1,1,2808,3645,8,3653
5,2812,9,0,0,1,1,2812,4480,9,4489
5,2812,9,0,0,1,1,2812,34295,9,34304
5,2812,14,0,0,1,1,2812,6845,14,6859
5,2812,19,0,0,1,1,2812,16750,57,16807
5,2812,37,0,0,1,1,2812,6480,37,6517
5,2812,49,0,0,1,1,2812,4440,49,4489
5,2812,67,0,0,1,1,2812,6845,67,6912
5,2812,67,0,0,1,1,2812,11840,67,11907
5,2812,192,0,0,1,1,2812,6475,384,6859
5,2812,392,0,0,1,1,2812,6075,784,6859
5,2812,729,0,0,1,1,2812,44890,729,45619
5,2812,1369,0,0,1,1,2812,22445,1369,23814
5,2812,1809,0,0,1,1,2812,6125,5427,11552
5,2812,2592,0,0,1,1,2812,1675,5184,6859
5,2814,9,0,0,1,1,2814,4480,9,4489
5,2814,49,0,0,1,1,2814,16335,49,16384
5,2814,121,0,0,1,1,2814,3015,121,3136
5,2814,1024,0,0,1,1,2814,3465,1024,4489
5,2838,43,0,0,5,1,2838,3125,43,3168
5,2842,7,0,0,5,1,2842,3125,7,3132
5,2842,24,0,0,1,1,2842,9875,72,9947
5,2842,29,0,0,1,1,2842,3555,29,3584
5,2850,2187,0,0,1,1,2850,4805,2187,6992
5,2860,2187,0,0,1,1,2860,3445,2187,5632
5,2860,2187,0,0,1,1,2860,22000,6561,28561
5,2868,343,0,0,1,1,2868,8405,343,8748
5,2884,1,0,0,1,1,2884,4095,1,4096
5,2884,1,0,0,1,1,2884,10815,1,10816
5,2884,111,0,0,1,1,2884,3185,111,3296
5,2884,256,0,0,1,1,2884,2575,512,3087
5,2884,1369,0,0,1,1,2884,3090,1369,4459
5,2884,1369,0,0,1,1,2884,5120,1369,6489
5,2884,1369,0,0,1,1,2884,6695,1369,8064
5,2884,1369,0,0,1,1,2884,23660,1369,25029
5,2884,2401,0,0,1,1,2884,515,2401,2916
5,2884,2401,0,0,1,1,2884,4160,2401,6561
5,2884,2496,0,0,1,1,2884,625,9984,10609
5,2884,2704,0,0,1,1,2884,1875,10816,12691
5,2884,2781,0,0,1,1,2884,845,2781,3626
5,2886,1,0,0,1,1,2886,7695,1,7696
5,2886,3,0,0,5,1,2886,6250,3,6253
5,2886,481,0,0,1,1,2886,6080,481,6561
5,2896,1,0,0,1,1,2896,25920,1,25921
5,2896,128,0,0,1,1,2896,4375,512,4887
5,2896,243,0,0,1,1,2896,3920,243,4163
5,2898,58,0,0,1,1,2898,3645,58,3703
5,2898,2668,0,0,1,1,2898,1225,5336,6561
5,2910,2592,0,0,1,1,2910,4225,5184,9409
5,2912,104,0,0,1,1,2912,29375,416,29791
5,2914,961,0,0,1,1,2914,125,2883,3008
5,2922,2187,0,0,1,1,2922,10240,2187,12427
5,2924,1,0,0,1,1,2924,10240,1,10241
5,2924,11,0,0,1,1,2924,4085,11,4096
5,2924,539,0,0,1,1,2924,4085,539,4624
5,2924,1024,0,0,1,1,2924,13475,2048,15523
5,2924,1331,0,0,1,1,2924,1805,1331,3136
5,2924,1849,0,0,1,1,2924,1330,1849,3179
5,2926,1,0,0,1,1,2926,3135,1,3136
5,2926,1,0,0,1,1,2926,10240,1,10241
5,2926,1,0,0,1,1,2926,14640,1,14641
5,2926,1,0,0,1,1,2926,29645,1,29646
5,2926,8,0,0,1,1,2926,11875,32,11907
5,2926,11,0,0,5,1,2926,3125,11,3136
5,2926,16,0,0,1,1,2926,16775,32,16807
5,2926,61,0,0,1,1,2926,14580,61,14641
5,2926,76,0,0,1,1,2926,3645,76,3721
5,2926,76,0,0,1,1,2926,5625,304,5929
5,2926,128,0,0,1,1,2926,3645,128,3773
5,2926,183,0,0,1,1,2926,32585,183,32768
5,2926,198,0,0,1,1,2926,3325,396,3721
5,2926,256,0,0,1,1,2926,3465,256,3721
5,2926,361,0,0,1,1,2926,3360,361,3721
5,2926,513,0,0,1,1,2926,6655,513,7168
5,2926,836,0,0,1,1,2926,625,3344,3969
5,2926,1026,0,0,1,1,2926,2695,1026,3721
5,2926,1078,0,0,1,1,2926,18605,1078,19683
5,2926,1216,0,0,1,1,2926,125,3648,3773
5,2926,1331,0,0,1,1,2926,1805,1331,3136
5,2926,1331,0,0,1,1,2926,3610,1331,4941
5,2926,1408,0,0,1,1,2926,5795,1408,7203
5,2926,1458,0,0,1,1,2926,6655,1458,8113
5,2926,1568,0,0,1,1,2926,625,6272,6897
5,2926,1848,0,0,1,1,2926,25,3696,3721
5,2926,2318,0,0,1,1,2926,1925,4636,6561
5,2926,2401,0,0,1,1,2926,1320,2401,3721
5,2926,2401,0,0,1,1,2926,26840,2401,29241
5,2938,8,0,0,1,1,2938,4375,32,4407
5,2938,1568,0,0,1,1,2938,25425,3136,28561
5,2944,16,0,0,1,1,2944,13225,32,13257
5,2946,243,0,0,1,1,2946,3685,243,3928
5,2952,2592,0,0,1,1,2952,875,7776,8651
5,2958,8,0,0,1,1,2958,18225,16,18241
5,2958,333,0,0,1,1,2958,3625,999,4624
5,2958,1073,0,0,1,1,2958,3840,1073,4913
5,2964,361,0,0,1,1,2964,7415,361,7776
5,2968,53,0,0,1,1,2968,15435,53,15488
5,2968,128,0,0,1,1,2968,3645,128,3773
5,2970,32,0,0,1,1,2970,6655,32,6687
5,2974,961,0,0,1,1,2974,10935,961,11896
5,2976,243,0,0,1,1,2976,7445,243,7688
5,2992,1377,0,0,1,1,2992,2495,1377,3872
5,4004,8,0,0,2,2,2002,4455,4,4459
5,4004,8,0,0,2,2,2002,27885,4,27889
5,4004,14,0,0,2,2,2002,13520,7,13527
5,4004,18,0,0,2,2,2002,2695,9,2704
5,4004,48,0,0,2,2,2002,15125,72,15197
5,4004,98,0,0,2,2,2002,16335,49,16384
5,4004,334,0,0,2,2,2002,16640,167,16807
5,4004,338,0,0,2,2,2002,5760,169,5929
5,4004,338,0,0,2,2,2002,27720,169,27889
5,4004,668,0,0,2,2,2002,10985,334,11319
5,4004,864,0,0,2,2,2002,875,1296,2171
5,4004,1024,0,0,2,2,2002,625,2048,2673
5,4004,2704,0,0,2,2,2002,835,1352,2187
5,4004,3584,0,0,2,2,2002,405,1792,2197
5,4004,3674,0,0,2,2,2002,360,1837,2197
5,4008,1458,0,0,2,2,2004,125,2187,2312
5,4028,32,0,0,2,2,2014,2385,16,2401
5,4028,722,0,0,2,2,2014,14045,361,14406
5,4028,1458,0,0,2,2,2014,16960,729,17689
5,4028,2968,0,0,2,2,2014,625,5936,6561
5,4028,3392,0,0,2,2,2014,1225,3392,4617
5,4044,8,0,0,2,2,2022,3025,8,3033
5,4044,54,0,0,2,2,2022,3680,27,3707
5,4044,1024,0,0,2,2,2022,625,2048,2673
5,4084,448,0,0,2,2,2042,5105,224,5329
5,4088,2,0,0,2,2,2044,9855,1,9856
5,4088,2,0,0,2,2,2044,15840,1,15841
5,4088,8,0,0,2,2,2044,11315,4,11319
5,4088,32,0,0,2,2,2044,24025,32,24057
5,4088,62,0,0,2,2,2044,3025,62,3087
5,4088,72,0,0,2,2,2044,15625,216,15841
5,4088,98,0,0,2,2,2044,5280,49,5329
5,4088,98,0,0,2,2,2044,16335,49,16384
5,4088,128,0,0,2,2,2044,9125,192,9317
5,4088,162,0,0,2,2,2044,4015,81,4096
5,4088,292,0,0,2,2,2044,29645,146,29791
5,4088,1022,0,0,2,2,2044,3240,511,3751
5,4088,1922,0,0,2,2,2044,1440,961,2401
5,4088,2058,0,0,2,2,2044,125,3087,3212
5,4088,2352,0,0,2,2,2044,625,4704,5329
5,4088,3872,0,0,2,2,2044,465,1936,2401
5,4088,3942,0,0,2,2,2044,4805,1971,6776
5,4088,3968,0,0,2,2,2044,25,3968,3993
5,4092,32,0,0,2,2,2046,24025,32,24057
5,4104,2808,0,0,2,2,2052,625,5616,6241
5,4136,726,0,0,2,2,2068,2645,363,3008
5,4140,324,0,0,2,2,2070,12005,162,12167
5,4140,1024,0,0,2,2,2070,11655,512,12167
5,4144,34,0,0,2,2,2072,2240,17,2257
5,4148,122,0,0,2,2,2074,2880,61,2941
5,4148,1458,0,0,2,2,2074,125,2187,2312
5,4172,2,0,0,2,2,2086,4320,1,4321
5,4172,162,0,0,2,2,2086,2320,81,2401
5,4172,1176,0,0,2,2,2086,21025,1176,22201
5,4172,4096,0,0,2,2,2086,225,4096,4321
5,4188,512,0,0,2,2,2094,15625,1536,17161
5,4196,486,0,0,2,2,2098,5245,243,5488
5,4212,2,0,0,2,2,2106,10880,1,10881
5,4212,62,0,0,2,2,2106,10985,31,11016
5,4212,216,0,0,2,2,2106,4805,108,4913
5,4212,1922,0,0,2,2,2106,1215,961,2176
5,4220,1024,0,0,2,2,2110,625,2048,2673
5,4224,98,0,0,2,2,2112,16335,49,16384
5,4224,1024,0,0,2,2,2112,625,2048,2673
5,4256,16,0,0,2,2,2128,11875,32,11907
5,4256,486,0,0,2,2,2128,8875,729,9604
5,4268,2,0,0,2,2,2134,7920,1,7921
5,4268,512,0,0,2,2,2134,2425,512,2937
5,4268,2662,0,0,2,2,2134,4365,1331,5696
5,4280,214,0,0,2,2,2140,2205,107,2312
5,4284,18,0,0,2,2,2142,4480,9,4489
5,4284,64,0,0,2,2,2142,30625,128,30753
5,4284,648,0,0,2,2,2142,4165,324,4489
5,4284,1458,0,0,2,2,2142,125,2187,2312
5,4284,1734,0,0,2,2,2142,8375,2601,10976
5,4284,2144,0,0,2,2,2142,625,4288,4913
5,4284,3264,0,0,2,2,2142,1225,3264,4489
5,4296,716,0,0,10,2,2148,3125,358,3483
5,4308,98,0,0,2,2,2154,16335,49,16384
5,4312,2,0,0,2,2,2156,6655,1,6656
5,4312,2,0,0,2,2,2156,9295,1,9296
5,4312,22,0,0,10,2,2156,3125,11,3136
5,4320,184,0,0,2,2,2160,2025,184,2209
5,4352,22,0,0,2,2,2176,24565,11,24576
5,4356,726,0,0,10,2,2178,3125,363,3488
5,4364,8,0,0,2,2,2182,14175,8,14183
5,4364,64,0,0,2,2,2182,7605,32,7637
5,4364,2048,0,0,2,2,2182,1225,2048,3273
5,4364,3584,0,0,2,2,2182,405,1792,2197
5,4364,4364,0,0,2,2,2182,5,2182,2187
5,4364,4364,0,0,2,2,2182,15,2182,2197
5,4368,2,0,0,2,2,2184,4095,1,4096
5,4368,972,0,0,2,2,2184,1225,972,2197
5,4368,3888,0,0,2,2,2184,27325,3888,31213
5,4400,1024,0,0,2,2,2200,625,2048,2673
5,4404,2048,0,0,2,2,2202,475,2048,2523
5,4416,6,0,0,10,2,2208,3125,3,3128
5,4424,378,0,0,2,2,2212,16195,189,16384
5,4428,2,0,0,2,2,2214,6560,1,6561
5,4440,1024,0,0,2,2,2220,625,2048,2673
5,4448,32,0,0,2,2,2224,2385,16,2401
5,4448,2968,0,0,2,2,2224,625,5936,6561
5,4448,3392,0,0,2,2,2224,4865,1696,6561
5,4452,32,0,0,2,2,2226,2385,16,2401
5,4472,2,0,0,2,2,2236,16640,1,16641
5,4472,26,0,0,2,2,2236,16000,39,16039
5,4484,8,0,0,2,2,2242,2295,4,2299
5,4484,8,0,0,2,2,2242,3245,4,3249
5,4484,38,0,0,2,2,2242,3245,19,3264
5,4484,38,0,0,2,2,2242,17405,19,17424
5,4484,54,0,0,2,2,2242,5605,27,5632
5,4484,88,0,0,2,2,2242,16875,176,17051
5,4484,118,0,0,2,2,2242,24565,59,24624
5,4484,408,0,0,2,2,2242,6655,204,6859
5,4484,1024,0,0,2,2,2242,1275,1024,2299
5,4484,1024,0,0,2,2,2242,625,2048,2673
5,4484,1458,0,0,2,2,2242,125,2187,2312
5,4484,1458,0,0,2,2,2242,20570,729,21299
5,4484,1888,0,0,2,2,2242,3025,1888,4913
5,4484,2888,0,0,2,2,2242,2025,2888,4913
5,4484,4114,0,0,2,2,2242,2560,2057,4617
5,4484,4374,0,0,2,2,2242,24565,2187,26752
5,4488,22,0,0,2,2,2244,24565,11,24576
5,4488,1458,0,0,2,2,2244,125,2187,2312
5,4508,2,0,0,2,2,2254,2645,1,2646
5,4508,2,0,0,2,2,2254,25920,1,25921
5,4508,98,0,0,10,2,2254,3125,49,3174
5,4508,128,0,0,2,2,2254,11045,64,11109
5,4508,1728,0,0,2,2,2254,575,1728,2303
5,4508,4418,0,0,2,2,2254,735,2209,2944
5,4520,4394,0,0,2,2,2260,1080,2197,3277
5,4524,338,0,0,2,2,2262,4205,169,4374
5,4532,22,0,0,10,2,2266,3125,11,3136
5,4532,256,0,0,2,2,2266,3645,128,3773
5,4532,512,0,0,2,2,2266,2575,512,3087
5,4532,1792,0,0,2,2,2266,5665,896,6561
5,4532,2376,0,0,2,2,2266,25,2376,2401
5,4532,4532,0,0,2,2,2266,135,2266,2401
5,4548,2,0,0,2,2,2274,5120,1,5121
5,4556,256,0,0,2,2,2278,5625,512,6137
5,4560,784,0,0,2,2,2280,6075,784,6859
5,4560,4374,0,0,2,2,2280,245,2187,2432
5,4572,2,0,0,2,2,2286,6655,1,6656
5,4584,74,0,0,2,2,2292,5120,37,5157
5,4584,148,0,0,2,2,2292,5625,296,5921
5,4584,864,0,0,2,2,2292,4625,1296,5921
5,4592,2,0,0,2,2,2296,6125,3,6128
5,4592,2,0,0,2,2,2296,6560,1,6561
5,4592,82,0,0,2,2,2296,10935,41,10976
5,4592,656,0,0,2,2,2296,2025,656,2681
5,4592,686,0,0,2,2,2296,8405,343,8748
5,4592,686,0,0,2,2,2296,15360,343,15703
5,4592,972,0,0,2,2,2296,1915,486,2401
5,4592,3362,0,0,2,2,2296,720,1681,2401
5,4616,216,0,0,2,2,2308,14425,216,14641
5,4616,256,0,0,2,2,2308,3645,128,3773
5,4616,2376,0,0,2,2,2308,25,2376,2401
5,4620,1024,0,0,2,2,2310,625,2048,2673
5,4624,2848,0,0,2,2,2312,25,2848,2873
5,4628,162,0,0,2,2,2314,28480,81,28561
5,4628,1458,0,0,2,2,2314,1780,729,2509
5,4628,1458,0,0,2,2,2314,11125,2187,13312
5,4632,152,0,0,2,2,2316,3645,76,3721
5,4644,18,0,0,2,2,2322,6880,9,6889
5,4644,3698,0,0,2,2,2322,5040,1849,6889
5,4664,778,0,0,2,2,2332,2420,389,2809
5,4664,1024,0,0,2,2,2332,625,2048,2673
5,4664,1728,0,0,2,2,2332,1945,864,2809
5,4664,2178,0,0,2,2,2332,125,3267,3392
5,4688,4688,0,0,2,2,2344,225,4688,4913
5,4692,6,0,0,10,2,2346,3125,3,3128
5,4700,54,0,0,2,2,2350,12005,27,12032
5,4704,98,0,0,2,2,2352,16335,49,16384
5,4704,214,0,0,2,2,2352,8085,107,8192
5,4704,1024,0,0,2,2,2352,625,2048,2673
5,4704,1458,0,0,2,2,2352,2695,729,3424
5,4712,6,0,0,2,2,2356,16375,9,16384
5,4712,512,0,0,2,2,2356,10935,256,11191
5,4712,512,0,0,2,2,2356,15625,1536,17161
5,4716,6,0,0,2,2,2358,16375,9,16384
5,4716,3456,0,0,2,2,2358,25,3456,3481
5,4728,2,0,0,2,2,2364,2560,1,2561
5,4728,2,0,0,2,2,2364,4095,1,4096
5,4728,2,0,0,2,2,2364,38415,1,38416
5,4728,32,0,0,2,2,2364,15925,32,15957
5,4752,2,0,0,2,2,2376,6560,1,6561
5,4752,902,0,0,2,2,2376,3645,451,4096
5,4752,3362,0,0,2,2,2376,12960,1681,14641
5,4760,2754,0,0,2,2,2380,25,2754,2779
5,4760,4374,0,0,2,2,2380,4165,2187,6352
5,4784,14,0,0,2,2,2392,12160,7,12167
5,4784,28,0,0,2,2,2392,5625,56,5681
5,4784,38,0,0,2,2,2392,15360,19,15379
5,4784,128,0,0,2,2,2392,3185,64,3249
5,4784,184,0,0,2,2,2392,4275,184,4459
5,4784,224,0,0,2,2,2392,2875,336,3211
5,4784,324,0,0,2,2,2392,12005,162,12167
5,4784,494,0,0,2,2,2392,16560,247,16807
5,4784,784,0,0,2,2,2392,6075,784,6859
5,4784,1008,0,0,2,2,2392,2375,1512,3887
5,4784,1058,0,0,2,2,2392,4655,529,5184
5,4784,1058,0,0,2,2,2392,8575,1058,9633
5,4784,1134,0,0,2,2,2392,10985,567,11552
5,4784,2888,0,0,2,2,2392,1715,1444,3159
5,4784,3174,0,0,2,2,2392,845,1587,2432
5,4784,3458,0,0,2,2,2392,1215,1729,2944
5,4784,3458,0,0,2,2,2392,2645,1729,4374
5,4784,3724,0,0,2,2,2392,625,7448,8073
5,4784,4374,0,0,2,2,2392,245,2187,2432
5,4784,4394,0,0,2,2,2392,4320,2197,6517
5,4784,4784,0,0,2,2,2392,135,2392,2527
5,4788,1458,0,0,2,2,2394,2995,729,3724
5,4800,4374,0,0,2,2,2400,6005,2187,8192
5,4812,32,0,0,2,2,2406,9245,16,9261
5,4824,1944,0,0,2,2,2412,2125,2916,5041
5,4824,2144,0,0,2,2,2412,625,4288,4913
5,4832,2,0,0,2,2,2416,4680,1,4681
5,4832,3072,0,0,2,2,2416,19375,6144,25519
5,4868,98,0,0,2,2,2434,24340,49,24389
5,4872,2,0,0,2,2,2436,2645,1,2646
5,4872,2,0,0,2,2,2436,12005,1,12006
5,4872,2,0,0,2,2,2436,25920,1,25921
5,4872,46,0,0,2,2,2436,4240,23,4263
5,4872,116,0,0,2,2,2436,3645,58,3703
5,4872,1242,0,0,2,2,2436,3625,1863,5488
5,4872,1682,0,0,2,2,2436,3920,841,4761
5,4872,1682,0,0,2,2,2436,10935,841,11776
5,4872,2592,0,0,2,2,2436,14045,1296,15341
5,4872,2862,0,0,2,2,2436,2875,4293,7168
5,4872,3726,0,0,2,2,2436,12985,1863,14848
5,4872,4802,0,0,2,2,2436,2645,2401,5046
5,4880,1024,0,0,2,2,2440,625,2048,2673
5,4880,4514,0,0,2,2,2440,405,2257,2662
5,4884,8,0,0,2,2,2442,10985,4,10989
5,4884,1024,0,0,2,2,2442,625,2048,2673
5,4884,1034,0,0,2,2,2442,17280,517,17797
5,4884,1664,0,0,2,2,2442,3645,832,4477
5,4884,3478,0,0,2,2,2442,10240,1739,11979
5,4884,4374,0,0,2,2,2442,22000,6561,28561
5,4884,4418,0,0,2,2,2442,495,2209,2704
5,4928,22,0,0,10,2,2464,3125,11,3136
5,4928,98,0,0,2,2,2464,16335,49,16384
5,4928,512,0,0,2,2,2464,14385,256,14641
5,4952,3456,0,0,2,2,2476,25,3456,3481
5,4952,4096,0,0,2,2,2476,1475,4096,5571
5,4952,4802,0,0,2,2,2476,1080,2401,3481
5,4956,3456,0,0,2,2,2478,25,3456,3481
5,4964,1314,0,0,2,2,2482,2125,1971,4096
5,4964,3358,0,0,2,2,2482,24565,1679,26244
5,4964,4624,0,0,2,2,2482,9855,2312,12167
5,4988,2,0,0,2,2,2494,16640,1,16641
5,4988,338,0,0,2,2,2494,4205,169,4374
5,4992,512,0,0,2,2,2496,10985,256,11241
5,5012,2,0,0,2,2,2506,3135,1,3136
5,5012,2,0,0,2,2,2506,10240,1,10241
5,5012,2,0,0,2,2,2506,40095,1,40096
5,5012,16,0,0,2,2,2506,11875,32,11907
5,5012,22,0,0,2,2,2506,3580,11,3591
5,5012,152,0,0,2,2,2506,5625,304,5929
5,5012,242,0,0,2,2,2506,31920,121,32041
5,5012,256,0,0,2,2,2506,3645,128,3773
5,5012,486,0,0,2,2,2506,17005,243,17248
5,5012,486,0,0,2,2,2506,22375,729,23104
5,5012,722,0,0,2,2,2506,9845,361,10206
5,5012,722,0,0,2,2,2506,31680,361,32041
5,5012,1026,0,0,2,2,2506,6655,513,7168
5,5012,1216,0,0,2,2,2506,13425,1216,14641
5,5012,1672,0,0,2,2,2506,625,3344,3969
5,5012,2432,0,0,2,2,2506,125,3648,3773
5,5012,2662,0,0,2,2,2506,1805,1331,3136
5,5012,3136,0,0,2,2,2506,625,6272,6897
5,5016,2736,0,0,2,2,2508,25,2736,2761
5,5028,192,0,0,2,2,2514,4625,288,4913
5,5060,1024,0,0,2,2,2530,625,2048,2673
5,5064,1688,0,0,10,2,2532,3125,844,3969
5,5088,2,0,0,2,2,2544,27135,1,27136
5,5088,18,0,0,2,2,2544,34295,9,34304
5,5092,4096,0,0,2,2,2546,1235,2048,3283
5,5096,306,0,0,2,2,2548,4000,459,4459
5,5096,3456,0,0,2,2,2548,3185,1728,4913
5,5100,464,0,0,2,2,2550,6875,928,7803
5,5100,1024,0,0,2,2,2550,625,2048,2673
5,5124,378,0,0,2,2,2562,7625,567,8192
5,5144,104,0,0,2,2,2572,3215,52,3267
5,5144,1024,0,0,2,2,2572,625,2048,2673
5,5144,4374,0,0,2,2,2572,16075,4374,20449
5,5144,4374,0,0,2,2,2572,22000,6561,28561
5,5148,2,0,0,2,2,2574,2645,1,2646
5,5148,2,0,0,2,2,2574,3380,1,3381
5,5148,2,0,0,2,2,2574,4095,1,4096
5,5148,2,0,0,2,2,2574,6655,1,6656
5,5148,2,0,0,2,2,2574,8280,1,8281
5,5148,2,0,0,2,2,2574,25920,1,25921
5,5148,8,0,0,2,2,2574,4455,4,4459
5,5148,18,0,0,2,2,2574,2695,9,2704
5,5148,22,0,0,2,2,2574,7360,11,7371
5,5148,22,0,0,10,2,2574,3125,11,3136
5,5148,48,0,0,2,2,2574,7865,24,7889
5,5148,52,0,0,2,2,2574,33275,52,33327
5,5148,98,0,0,2,2,2574,3240,49,3289
5,5148,98,0,0,2,2,2574,16335,49,16384
5,5148,112,0,0,2,2,2574,8125,224,8349
5,5148,128,0,0,2,2,2574,3575,128,3703
5,5148,162,0,0,2,2,2574,14560,81,14641
5,5148,198,0,0,2,2,2574,2645,99,2744
5,5148,242,0,0,2,2,2574,6440,121,6561
5,5148,338,0,0,2,2,2574,5760,169,5929
5,5148,528,0,0,2,2,2574,11375,792,12167
5,5148,1232,0,0,2,2,2574,27945,616,28561
5,5148,1458,0,0,2,2,2574,2560,729,3289
5,5148,2048,0,0,2,2,2574,1725,2048,3773
5,5148,2662,0,0,2,2,2574,1225,2662,3887
5,5148,2662,0,0,2,2,2574,3430,1331,4761
5,5148,3432,0,0,2,2,2574,15625,10296,25921
5,5148,3888,0,0,2,2,2574,6875,7776,14651
5,5148,4312,0,0,2,2,2574,15625,12936,28561
5,5148,4508,0,0,2,2,2574,5625,9016,14641
5,5148,4802,0,0,2,2,2574,4160,2401,6561
5,5168,2888,0,0,2,2,2584,2025,2888,4913
5,5172,3882,0,0,2,2,2586,2155,1941,4096
5,5192,3456,0,0,2,2,2596,25,3456,3481
5,5192,3872,0,0,2,2,2596,25,3872,3897
5,5232,2,0,0,2,2,2616,11880,1,11881
5,5232,6,0,0,2,2,2616,29645,3,29648
5,5232,16,0,0,2,2,2616,4905,8,4913
5,5232,22,0,0,2,2,2616,12960,11,12971
5,5232,22,0,0,2,2,2616,24565,11,24576
5,5232,32,0,0,2,2,2616,6545,16,6561
5,5232,32,0,0,2,2,2616,13125,64,13189
5,5232,162,0,0,2,2,2616,14080,81,14161
5,5232,242,0,0,2,2,2616,11760,121,11881
5,5232,242,0,0,2,2,2616,20480,121,20601
5,5232,256,0,0,2,2,2616,3645,128,3773
5,5232,256,0,0,2,2,2616,15895,128,16023
5,5232,1526,0,0,2,2,2616,7040,763,7803
5,5232,1536,0,0,2,2,2616,875,2304,3179
5,5232,2662,0,0,2,2,2616,425,2662,3087
5,5232,2662,0,0,2,2,2616,13005,1331,14336
5,5232,3706,0,0,2,2,2616,1920,1853,3773
5,5232,4802,0,0,2,2,2616,12240,2401,14641
5,5240,54,0,0,2,2,2620,34295,27,34322
5,5244,2048,0,0,2,2,2622,1805,1024,2829
5,5252,2336,0,0,2,2,2626,4225,2336,6561
5,5264,54,0,0,2,2,2632,12005,27,12032
5,5280,1024,0,0,2,2,2640,625,2048,2673
5,5304,68,0,0,10,2,2652,3125,34,3159
5,5304,2654,0,0,2,2,2652,2430,1327,3757
5,5316,16,0,0,2,2,2658,11875,32,11907
5,5324,1024,0,0,2,2,2662,625,2048,2673
5,5328,2,0,0,2,2,2664,3440,1,3441
5,5328,1458,0,0,2,2,2664,26875,2916,29791
5,5328,1922,0,0,2,2,2664,1075,1922,2997
5,5352,206,0,0,2,2,2676,4460,103,4563
5,5352,512,0,0,2,2,2676,1875,1024,2899
5,5352,4992,0,0,2,2,2676,625,9984,10609
5,5372,1422,0,0,2,2,2686,5120,711,5831
5,5372,2176,0,0,2,2,2686,625,4352,4977
5,5372,4802,0,0,2,2,2686,3840,2401,6241
5,5408,2,0,0,2,2,2704,6560,1,6561
5,5408,2,0,0,2,2,2704,6655,1,6656
5,5408,338,0,0,2,2,2704,5125,507,5632
5,5408,902,0,0,2,2,2704,3645,451,4096
5,5408,3042,0,0,2,2,2704,13120,1521,14641
5,5408,3362,0,0,2,2,2704,12960,1681,14641
5,5412,2,0,0,2,2,2706,6560,1,6561
5,5412,902,0,0,2,2,2706,3645,451,4096
5,5412,3362,0,0,2,2,2706,12960,1681,14641
5,5432,1746,0,0,2,2,2716,125,2619,2744
5,5432,4802,0,0,2,2,2716,12125,7203,19328
5,5456,216,0,0,2,2,2728,29575,216,29791
5,5456,256,0,0,2,2,2728,3645,128,3773
5,5456,286,0,0,2,2,2728,4960,143,5103
5,5456,686,0,0,2,2,2728,4805,343,5148
5,5456,4536,0,0,2,2,2728,24025,4536,28561
5,5460,1024,0,0,2,2,2730,32955,512,33467
5,5468,2,0,0,2,2,2734,10935,1,10936
5,5468,48,0,0,2,2,2734,6835,24,6859
5,5504,4374,0,0,2,2,2752,10240,2187,12427
5,5508,68,0,0,2,2,2754,4225,68,4293
5,5508,68,0,0,10,2,2754,3125,34,3159
5,5508,848,0,0,2,2,2754,2025,848,2873
5,5508,1458,0,0,2,2,2754,2080,729,2809
5,5528,2,0,0,2,2,2764,3455,1,3456
5,5540,554,0,0,10,2,2770,3125,277,3402
5,5544,14,0,0,2,2,2772,7220,7,7227
5,5544,18,0,0,2,2,2772,5320,9,5329
5,5544,98,0,0,2,2,2772,5280,49,5329
5,5544,98,0,0,2,2,2772,7695,49,7744
5,5544,98,0,0,2,2,2772,16335,49,16384
5,5544,114,0,0,2,2,2772,3520,57,3577
5,5544,128,0,0,2,2,2772,9125,192,9317
5,5544,224,0,0,2,2,2772,3025,224,3249
5,5544,294,0,0,2,2,2772,2375,441,2816
5,5544,418,0,0,2,2,2772,5120,209,5329
5,5544,784,0,0,2,2,2772,6075,784,6859
5,5544,968,0,0,2,2,2772,1825,968,2793
5,5544,1314,0,0,2,2,2772,2000,1971,3971
5,5544,2058,0,0,2,2,2772,125,3087,3212
5,5544,2304,0,0,2,2,2772,3025,2304,5329
5,5544,2304,0,0,2,2,2772,26645,1152,27797
5,5544,2888,0,0,2,2,2772,3025,2888,5913
5,5544,4104,0,0,2,2,2772,1225,4104,5329
5,5544,4104,0,0,2,2,2772,1825,4104,5929
5,5544,4104,0,0,2,2,2772,625,8208,8833
5,5544,5054,0,0,2,2,2772,275,5054,5329
5,5544,5054,0,0,2,2,2772,32805,2527,35332
5,5564,54,0,0,2,2,2782,13375,81,13456
5,5564,214,0,0,2,2,2782,40960,107,41067
5,5564,338,0,0,2,2,2782,4205,169,4374
5,5564,928,0,0,2,2,2782,10985,464,11449
5,5568,128,0,0,2,2,2784,4975,128,5103
5,5568,162,0,0,2,2,2784,6125,243,6368
5,5576,216,0,0,2,2,2788,4805,108,4913
5,5616,16,0,0,2,2,2808,3645,8,3653
5,5624,18,0,0,2,2,2812,4480,9,4489
5,5624,18,0,0,2,2,2812,34295,9,34304
5,5624,28,0,0,2,2,2812,6845,14,6859
5,5624,38,0,0,2,2,2812,16750,57,16807
5,5624,74,0,0,2,2,2812,6480,37,6517
5,5624,98,0,0,2,2,2812,4440,49,4489
5,5624,134,0,0,2,2,2812,6845,67,6912
5,5624,134,0,0,2,2,2812,11840,67,11907
5,5624,384,0,0,2,2,2812,6475,384,6859
5,5624,784,0,0,2,2,2812,6075,784,6859
5,5624,1458,0,0,2,2,2812,44890,729,45619
5,5624,2738,0,0,2,2,2812,22445,1369,23814
5,5624,3618,0,0,2,2,2812,6125,5427,11552
5,5624,5184,0,0,2,2,2812,1675,5184,6859
5,5628,18,0,0,2,2,2814,4480,9,4489
5,5628,98,0,0,2,2,2814,16335,49,16384
5,5628,242,0,0,2,2,2814,3015,121,3136
5,5628,2048,0,0,2,2,2814,3465,1024,4489
5,5676,86,0,0,10,2,2838,3125,43,3168
5,5684,14,0,0,10,2,2842,3125,7,3132
5,5684,48,0,0,2,2,2842,9875,72,9947
5,5684,58,0,0,2,2,2842,3555,29,3584
5,5700,4374,0,0,2,2,2850,4805,2187,6992
5,5720,4374,0,0,2,2,2860,3445,2187,5632
5,5720,4374,0,0,2,2,2860,22000,6561,28561
5,5736,686,0,0,2,2,2868,8405,343,8748
5,5768,2,0,0,2,2,2884,4095,1,4096
5,5768,2,0,0,2,2,2884,10815,1,10816
5,5768,222,0,0,2,2,2884,3185,111,3296
5,5768,512,0,0,2,2,2884,2575,512,3087
5,5768,2738,0,0,2,2,2884,3090,1369,4459
5,5768,2738,0,0,2,2,2884,5120,1369,6489
5,5768,2738,0,0,2,2,2884,6695,1369,8064
5,5768,2738,0,0,2,2,2884,23660,1369,25029
5,5768,4802,0,0,2,2,2884,515,2401,2916
5,5768,4802,0,0,2,2,2884,4160,2401,6561
5,5768,4992,0,0,2,2,2884,625,9984,10609
5,5768,5408,0,0,2,2,2884,1875,10816,12691
5,5768,5562,0,0,2,2,2884,845,2781,3626
5,5772,2,0,0,2,2,2886,7695,1,7696
5,5772,6,0,0,10,2,2886,6250,3,6253
5,5772,962,0,0,2,2,2886,6080,481,6561
5,5792,2,0,0,2,2,2896,25920,1,25921
5,5792,256,0,0,2,2,2896,4375,512,4887
5,5792,486,0,0,2,2,2896,3920,243,4163
5,5796,116,0,0,2,2,2898,3645,58,3703
5,5796,5336,0,0,2,2,2898,1225,5336,6561
5,5820,5184,0,0,2,2,2910,4225,5184,9409
5,5824,208,0,0,2,2,2912,29375,416,29791
5,5828,1922,0,0,2,2,2914,125,2883,3008
5,5844,4374,0,0,2,2,2922,10240,2187,12427
5,5848,2,0,0,2,2,2924,10240,1,10241
5,5848,22,0,0,2,2,2924,4085,11,4096
5,5848,1078,0,0,2,2,2924,4085,539,4624
5,5848,2048,0,0,2,2,2924,13475,2048,15523
5,5848,2662,0,0,2,2,2924,1805,1331,3136
5,5848,3698,0,0,2,2,2924,1330,1849,3179
5,5852,2,0,0,2,2,2926,3135,1,3136
5,5852,2,0,0,2,2,2926,10240,1,10241
5,5852,2,0,0,2,2,2926,14640,1,14641
5,5852,2,0,0,2,2,2926,29645,1,29646
5,5852,16,0,0,2,2,2926,11875,32,11907
5,5852,22,0,0,10,2,2926,3125,11,3136
5,5852,32,0,0,2,2,2926,16775,32,16807
5,5852,122,0,0,2,2,2926,14580,61,14641
5,5852,152,0,0,2,2,2926,3645,76,3721
5,5852,152,0,0,2,2,2926,5625,304,5929
5,5852,256,0,0,2,2,2926,3645,128,3773
5,5852,366,0,0,2,2,2926,32585,183,32768
5,5852,396,0,0,2,2,2926,3325,396,3721
5,5852,512,0,0,2,2,2926,3465,256,3721
5,5852,722,0,0,2,2,2926,3360,361,3721
5,5852,1026,0,0,2,2,2926,6655,513,7168
5,5852,1672,0,0,2,2,2926,625,3344,3969
5,5852,2052,0,0,2,2,2926,2695,1026,3721
5,5852,2156,0,0,2,2,2926,18605,1078,19683
5,5852,2432,0,0,2,2,2926,125,3648,3773
5,5852,2662,0,0,2,2,2926,1805,1331,3136
5,5852,2662,0,0,2,2,2926,3610,1331,4941
5,5852,2816,0,0,2,2,2926,5795,1408,7203
5,5852,2916,0,0,2,2,2926,6655,1458,8113
5,5852,3136,0,0,2,2,2926,625,6272,6897
5,5852,3696,0,0,2,2,2926,25,3696,3721
5,5852,4636,0,0,2,2,2926,1925,4636,6561
5,5852,4802,0,0,2,2,2926,1320,2401,3721
5,5852,4802,0,0,2,2,2926,26840,2401,29241
5,5876,16,0,0,2,2,2938,4375,32,4407
5,5876,3136,0,0,2,2,2938,25425,3136,28561
5,5888,32,0,0,2,2,2944,13225,32,13257
5,5892,486,0,0,2,2,2946,3685,243,3928
5,5904,5184,0,0,2,2,2952,875,7776,8651
5,5916,16,0,0,2,2,2958,18225,16,18241
5,5916,666,0,0,2,2,2958,3625,999,4624
5,5916,2146,0,0,2,2,2958,3840,1073,4913
5,5928,722,0,0,2,2,2964,7415,361,7776
5,5936,106,0,0,2,2,2968,15435,53,15488
5,5936,256,0,0,2,2,2968,3645,128,3773
5,5940,64,0,0,2,2,2970,6655,32,6687
5,5948,1922,0,0,2,2,2974,10935,961,11896
5,5952,486,0,0,2,2,2976,7445,243,7688
5,5984,2754,0,0,2,2,2992,2495,1377,3872
5,6006,12,0,0,3,3,2002,4455,4,4459
5,6006,12,0,0,3,3,2002,27885,4,27889
5,6006,21,0,0,3,3,2002,13520,7,13527
5,6006,27,0,0,3,3,2002,2695,9,2704
5,6006,72,0,0,3,3,2002,15125,72,15197
5,6006,147,0,0,3,3,2002,16335,49,16384
5,6006,501,0,0,3,3,2002,16640,167,16807
5,6006,507,0,0,3,3,2002,5760,169,5929
5,6006,507,0,0,3,3,2002,27720,169,27889
5,6006,1002,0,0,3,3,2002,10985,334,11319
5,6006,1296,0,0,3,3,2002,875,1296,2171
5,6006,1536,0,0,3,3,2002,625,2048,2673
5,6006,4056,0,0,3,3,2002,835,1352,2187
5,6006,5376,0,0,3,3,2002,405,1792,2197
5,6006,5511,0,0,3,3,2002,360,1837,2197
5,6012,2187,0,0,3,3,2004,125,2187,2312
5,6042,48,0,0,3,3,2014,2385,16,2401
5,6042,1083,0,0,3,3,2014,14045,361,14406
5,6042,2187,0,0,3,3,2014,16960,729,17689
5,6042,4452,0,0,3,3,2014,625,5936,6561
5,6042,5088,0,0,3,3,2014,1225,3392,4617
5,6066,12,0,0,3,3,2022,3025,8,3033
5,6066,81,0,0,3,3,2022,3680,27,3707
5,6066,1536,0,0,3,3,2022,625,2048,2673
5,6126,672,0,0,3,3,2042,5105,224,5329
5,6132,3,0,0,3,3,2044,9855,1,9856
5,6132,3,0,0,3,3,2044,15840,1,15841
5,6132,12,0,0,3,3,2044,11315,4,11319
5,6132,48,0,0,3,3,2044,24025,32,24057
5,6132,93,0,0,3,3,2044,3025,62,3087
5,6132,108,0,0,3,3,2044,15625,216,15841
5,6132,147,0,0,3,3,2044,5280,49,5329
5,6132,147,0,0,3,3,2044,16335,49,16384
5,6132,192,0,0,3,3,2044,9125,192,9317
5,6132,243,0,0,3,3,2044,4015,81,4096
5,6132,438,0,0,3,3,2044,29645,146,29791
5,6132,1533,0,0,3,3,2044,3240,511,3751
5,6132,2883,0,0,3,3,2044,1440,961,2401
5,6132,3087,0,0,3,3,2044,125,3087,3212
5,6132,3528,0,0,3,3,2044,625,4704,5329
5,6132,5808,0,0,3,3,2044,465,1936,2401
5,6132,5913,0,0,3,3,2044,4805,1971,6776
5,6132,5952,0,0,3,3,2044,25,3968,3993
5,6138,48,0,0,3,3,2046,24025,32,24057
5,6156,4212,0,0,3,3,2052,625,5616,6241
5,6204,1089,0,0,3,3,2068,2645,363,3008
5,6210,486,0,0,3,3,2070,12005,162,12167
5,6210,1536,0,0,3,3,2070,11655,512,12167
5,6216,51,0,0,3,3,2072,2240,17,2257
5,6222,183,0,0,3,3,2074,2880,61,2941
5,6222,2187,0,0,3,3,2074,125,2187,2312
5,6258,3,0,0,3,3,2086,4320,1,4321
5,6258,243,0,0,3,3,2086,2320,81,2401
5,6258,1764,0,0,3,3,2086,21025,1176,22201
5,6258,6144,0,0,3,3,2086,225,4096,4321
5,6282,768,0,0,3,3,2094,15625,1536,17161
5,6294,729,0,0,3,3,2098,5245,243,5488
5,6318,3,0,0,3,3,2106,10880,1,10881
5,6318,93,0,0,3,3,2106,10985,31,11016
5,6318,324,0,0,3,3,2106,4805,108,4913
5,6318,2883,0,0,3,3,2106,1215,961,2176
5,6330,1536,0,0,3,3,2110,625,2048,2673
5,6336,147,0,0,3,3,2112,16335,49,16384
5,6336,1536,0,0,3,3,2112,625,2048,2673
5,6384,24,0,0,3,3,2128,11875,32,11907
5,6384,729,0,0,3,3,2128,8875,729,9604
5,6402,3,0,0,3,3,2134,7920,1,7921
5,6402,768,0,0,3,3,2134,2425,512,2937
5,6402,3993,0,0,3,3,2134,4365,1331,5696
5,6420,321,0,0,3,3,2140,2205,107,2312
5,6426,27,0,0,3,3,2142,4480,9,4489
5,6426,96,0,0,3,3,2142,30625,128,30753
5,6426,972,0,0,3,3,2142,4165,324,4489
5,6426,2187,0,0,3,3,2142,125,2187,2312
5,6426,2601,0,0,3,3,2142,8375,2601,10976
5,6426,3216,0,0,3,3,2142,625,4288,4913
5,6426,4896,0,0,3,3,2142,1225,3264,4489
5,6444,1074,0,0,15,3,2148,3125,358,3483
5,6462,147,0,0,3,3,2154,16335,49,16384
5,6468,3,0,0,3,3,2156,6655,1,6656
5,6468,3,0,0,3,3,2156,9295,1,9296
5,6468,33,0,0,15,3,2156,3125,11,3136
5,6480,276,0,0,3,3,2160,2025,184,2209
5,6528,33,0,0,3,3,2176,24565,11,24576
5,6534,1089,0,0,15,3,2178,3125,363,3488
5,6546,12,0,0,3,3,2182,14175,8,14183
5,6546,96,0,0,3,3,2182,7605,32,7637
5,6546,3072,0,0,3,3,2182,1225,2048,3273
5,6546,5376,0,0,3,3,2182,405,1792,2197
5,6546,6546,0,0,3,3,2182,5,2182,2187
5,6546,6546,0,0,3,3,2182,15,2182,2197
5,6552,3,0,0,3,3,2184,4095,1,4096
5,6552,1458,0,0,3,3,2184,1225,972,2197
5,6552,5832,0,0,3,3,2184,27325,3888,31213
5,6600,1536,0,0,3,3,2200,625,2048,2673
5,6606,3072,0,0,3,3,2202,475,2048,2523
5,6624,9,0,0,15,3,2208,3125,3,3128
5,6636,567,0,0,3,3,2212,16195,189,16384
5,6642,3,0,0,3,3,2214,6560,1,6561
5,6660,1536,0,0,3,3,2220,625,2048,2673
5,6672,48,0,0,3,3,2224,2385,16,2401
5,6672,4452,0,0,3,3,2224,625,5936,6561
5,6672,5088,0,0,3,3,2224,4865,1696,6561
5,6678,48,0,0,3,3,2226,2385,16,2401
5,6708,3,0,0,3,3,2236,16640,1,16641
5,6708,39,0,0,3,3,2236,16000,39,16039
5,6726,12,0,0,3,3,2242,2295,4,2299
5,6726,12,0,0,3,3,2242,3245,4,3249
5,6726,57,0,0,3,3,2242,3245,19,3264
5,6726,57,0,0,3,3,2242,17405,19,17424
5,6726,81,0,0,3,3,2242,5605,27,5632
5,6726,132,0,0,3,3,2242,16875,176,17051
5,6726,177,0,0,3,3,2242,24565,59,24624
5,6726,612,0,0,3,3,2242,6655,204,6859
5,6726,1536,0,0,3,3,2242,1275,1024,2299
5,6726,1536,0,0,3,3,2242,625,2048,2673
5,6726,2187,0,0,3,3,2242,125,2187,2312
5,6726,2187,0,0,3,3,2242,20570,729,21299
5,6726,2832,0,0,3,3,2242,3025,1888,4913
5,6726,4332,0,0,3,3,2242,2025,2888,4913
5,6726,6171,0,0,3,3,2242,2560,2057,4617
5,6726,6561,0,0,3,3,2242,24565,2187,26752
5,6732,33,0,0,3,3,2244,24565,11,24576
5,6732,2187,0,0,3,3,2244,125,2187,2312
5,6762,3,0,0,3,3,2254,2645,1,2646
5,6762,3,0,0,3,3,2254,25920,1,25921
5,6762,147,0,0,15,3,2254,3125,49,3174
5,6762,192,0,0,3,3,2254,11045,64,11109
5,6762,2592,0,0,3,3,2254,575,1728,2303
5,6762,6627,0,0,3,3,2254,735,2209,2944
5,6780,6591,0,0,3,3,2260,1080,2197,3277
5,6786,507,0,0,3,3,2262,4205,169,4374
5,6798,33,0,0,15,3,2266,3125,11,3136
5,6798,384,0,0,3,3,2266,3645,128,3773
5,6798,768,0,0,3,3,2266,2575,512,3087
5,6798,2688,0,0,3,3,2266,5665,896,6561
5,6798,3564,0,0,3,3,2266,25,2376,2401
5,6798,6798,0,0,3,3,2266,135,2266,2401
5,6822,3,0,0,3,3,2274,5120,1,5121
5,6834,384,0,0,3,3,2278,5625,512,6137
5,6840,1176,0,0,3,3,2280,6075,784,6859
5,6840,6561,0,0,3,3,2280,245,2187,2432
5,6858,3,0,0,3,3,2286,6655,1,6656
5,6876,111,0,0,3,3,2292,5120,37,5157
5,6876,222,0,0,3,3,2292,5625,296,5921
5,6876,1296,0,0,3,3,2292,4625,1296,5921
5,6888,3,0,0,3,3,2296,6125,3,6128
5,6888,3,0,0,3,3,2296,6560,1,6561
5,6888,123,0,0,3,3,2296,10935,41,10976
5,6888,984,0,0,3,3,2296,2025,656,2681
5,6888,1029,0,0,3,3,2296,8405,343,8748
5,6888,1029,0,0,3,3,2296,15360,343,15703
5,6888,1458,0,0,3,3,2296,1915,486,2401
5,6888,5043,0,0,3,3,2296,720,1681,2401
5,6924,324,0,0,3,3,2308,14425,216,14641
5,6924,384,0,0,3,3,2308,3645,128,3773
5,6924,3564,0,0,3,3,2308,25,2376,2401
5,6930,1536,0,0,3,3,2310,625,2048,2673
5,6936,4272,0,0,3,3,2312,25,2848,2873
5,6942,243,0,0,3,3,2314,28480,81,28561
5,6942,2187,0,0,3,3,2314,1780,729,2509
5,6942,2187,0,0,3,3,2314,11125,2187,13312
5,6948,228,0,0,3,3,2316,3645,76,3721
5,6966,27,0,0,3,3,2322,6880,9,6889
5,6966,5547,0,0,3,3,2322,5040,1849,6889
5,6996,1167,0,0,3,3,2332,2420,389,2809
5,6996,1536,0,0,3,3,2332,625,2048,2673
5,6996,2592,0,0,3,3,2332,1945,864,2809
5,6996,3267,0,0,3,3,2332,125,3267,3392
5,7032,7032,0,0,3,3,2344,225,4688,4913
5,7038,9,0,0,15,3,2346,3125,3,3128
5,7050,81,0,0,3,3,2350,12005,27,12032
5,7056,147,0,0,3,3,2352,16335,49,16384
5,7056,321,0,0,3,3,2352,8085,107,8192
5,7056,1536,0,0,3,3,2352,625,2048,2673
5,7056,2187,0,0,3,3,2352,2695,729,3424
5,7068,9,0,0,3,3,2356,16375,9,16384
5,7068,768,0,0,3,3,2356,10935,256,11191
5,7068,768,0,0,3,3,2356,15625,1536,17161
5,7074,9,0,0,3,3,2358,16375,9,16384
5,7074,5184,0,0,3,3,2358,25,3456,3481
5,7092,3,0,0,3,3,2364,2560,1,2561
5,7092,3,0,0,3,3,2364,4095,1,4096
5,7092,3,0,0,3,3,2364,38415,1,38416
5,7092,48,0,0,3,3,2364,15925,32,15957
5,7128,3,0,0,3,3,2376,6560,1,6561
5,7128,1353,0,0,3,3,2376,3645,451,4096
5,7128,5043,0,0,3,3,2376,12960,1681,14641
5,7140,4131,0,0,3,3,2380,25,2754,2779
5,7140,6561,0,0,3,3,2380,4165,2187,6352
5,7176,21,0,0,3,3,2392,12160,7,12167
5,7176,42,0,0,3,3,2392,5625,56,5681
5,7176,57,0,0,3,3,2392,15360,19,15379
5,7176,192,0,0,3,3,2392,3185,64,3249
5,7176,276,0,0,3,3,2392,4275,184,4459
5,7176,336,0,0,3,3,2392,2875,336,3211
5,7176,486,0,0,3,3,2392,12005,162,12167
5,7176,741,0,0,3,3,2392,16560,247,16807
5,7176,1176,0,0,3,3,2392,6075,784,6859
5,7176,1512,0,0,3,3,2392,2375,1512,3887
5,7176,1587,0,0,3,3,2392,4655,529,5184
5,7176,1587,0,0,3,3,2392,8575,1058,9633
5,7176,1701,0,0,3,3,2392,10985,567,11552
5,7176,4332,0,0,3,3,2392,1715,1444,3159
5,7176,4761,0,0,3,3,2392,845,1587,2432
5,7176,5187,0,0,3,3,2392,1215,1729,2944
5,7176,5187,0,0,3,3,2392,2645,1729,4374
5,7176,5586,0,0,3,3,2392,625,7448,8073
5,7176,6561,0,0,3,3,2392,245,2187,2432
5,7176,6591,0,0,3,3,2392,4320,2197,6517
5,7176,7176,0,0,3,3,2392,135,2392,2527
5,7182,2187,0,0,3,3,2394,2995,729,3724
5,7200,6561,0,0,3,3,2400,6005,2187,8192
5,7218,48,0,0,3,3,2406,9245,16,9261
5,7236,2916,0,0,3,3,2412,2125,2916,5041
5,7236,3216,0,0,3,3,2412,625,4288,4913
5,7248,3,0,0,3,3,2416,4680,1,4681
5,7248,4608,0,0,3,3,2416,19375,6144,25519
5,7302,147,0,0,3,3,2434,24340,49,24389
5,7308,3,0,0,3,3,2436,2645,1,2646
5,7308,3,0,0,3,3,2436,12005,1,12006
5,7308,3,0,0,3,3,2436,25920,1,25921
5,7308,69,0,0,3,3,2436,4240,23,4263
5,7308,174,0,0,3,3,2436,3645,58,3703
5,7308,1863,0,0,3,3,2436,3625,1863,5488
5,7308,2523,0,0,3,3,2436,3920,841,4761
5,7308,2523,0,0,3,3,2436,10935,841,11776
5,7308,3888,0,0,3,3,2436,14045,1296,15341
5,7308,4293,0,0,3,3,2436,2875,4293,7168
5,7308,5589,0,0,3,3,2436,12985,1863,14848
5,7308,7203,0,0,3,3,2436,2645,2401,5046
5,7320,1536,0,0,3,3,2440,625,2048,2673
5,7320,6771,0,0,3,3,2440,405,2257,2662
5,7326,12,0,0,3,3,2442,10985,4,10989
5,7326,1536,0,0,3,3,2442,625,2048,2673
5,7326,1551,0,0,3,3,2442,17280,517,17797
5,7326,2496,0,0,3,3,2442,3645,832,4477
5,7326,5217,0,0,3,3,2442,10240,1739,11979
5,7326,6561,0,0,3,3,2442,22000,6561,28561
5,7326,6627,0,0,3,3,2442,495,2209,2704
5,7392,33,0,0,15,3,2464,3125,11,3136
5,7392,147,0,0,3,3,2464,16335,49,16384
5,7392,768,0,0,3,3,2464,14385,256,14641
5,7428,5184,0,0,3,3,2476,25,3456,3481
5,7428,6144,0,0,3,3,2476,1475,4096,5571
5,7428,7203,0,0,3,3,2476,1080,2401,3481
5,7434,5184,0,0,3,3,2478,25,3456,3481
5,7446,1971,0,0,3,3,2482,2125,1971,4096
5,7446,5037,0,0,3,3,2482,24565,1679,26244
5,7446,6936,0,0,3,3,2482,9855,2312,12167
5,7482,3,0,0,3,3,2494,16640,1,16641
5,7482,507,0,0,3,3,2494,4205,169,4374
5,7488,768,0,0,3,3,2496,10985,256,11241
5,7518,3,0,0,3,3,2506,3135,1,3136
5,7518,3,0,0,3,3,2506,10240,1,10241
5,7518,3,0,0,3,3,2506,40095,1,40096
5,7518,24,0,0,3,3,2506,11875,32,11907
5,7518,33,0,0,3,3,2506,3580,11,3591
5,7518,228,0,0,3,3,2506,5625,304,5929
5,7518,363,0,0,3,3,2506,31920,121,32041
5,7518,384,0,0,3,3,2506,3645,128,3773
5,7518,729,0,0,3,3,2506,17005,243,17248
5,7518,729,0,0,3,3,2506,22375,729,23104
5,7518,1083,0,0,3,3,2506,9845,361,10206
5,7518,1083,0,0,3,3,2506,31680,361,32041
5,7518,1539,0,0,3,3,2506,6655,513,7168
5,7518,1824,0,0,3,3,2506,13425,1216,14641
5,7518,2508,0,0,3,3,2506,625,3344,3969
5,7518,3648,0,0,3,3,2506,125,3648,3773
5,7518,3993,0,0,3,3,2506,1805,1331,3136
5,7518,4704,0,0,3,3,2506,625,6272,6897
5,7524,4104,0,0,3,3,2508,25,2736,2761
5,7542,288,0,0,3,3,2514,4625,288,4913
5,7590,1536,0,0,3,3,2530,625,2048,2673
5,7596,2532,0,0,15,3,2532,3125,844,3969
5,7632,3,0,0,3,3,2544,27135,1,27136
5,7632,27,0,0,3,3,2544,34295,9,34304
5,7638,6144,0,0,3,3,2546,1235,2048,3283
5,7644,459,0,0,3,3,2548,4000,459,4459
5,7644,5184,0,0,3,3,2548,3185,1728,4913
5,7650,696,0,0,3,3,2550,6875,928,7803
5,7650,1536,0,0,3,3,2550,625,2048,2673
5,7686,567,0,0,3,3,2562,7625,567,8192
5,7716,156,0,0,3,3,2572,3215,52,3267
5,7716,1536,0,0,3,3,2572,625,2048,2673
5,7716,6561,0,0,3,3,2572,16075,4374,20449
5,7716,6561,0,0,3,3,2572,22000,6561,28561
5,7722,3,0,0,3,3,2574,2645,1,2646
5,7722,3,0,0,3,3,2574,3380,1,3381
5,7722,3,0,0,3,3,2574,4095,1,4096
5,7722,3,0,0,3,3,2574,6655,1,6656
5,7722,3,0,0,3,3,2574,8280,1,8281
5,7722,3,0,0,3,3,2574,25920,1,25921
5,7722,12,0,0,3,3,2574,4455,4,4459
5,7722,27,0,0,3,3,2574,2695,9,2704
5,7722,33,0,0,3,3,2574,7360,11,7371
5,7722,33,0,0,15,3,2574,3125,11,3136
5,7722,72,0,0,3,3,2574,7865,24,7889
5,7722,78,0,0,3,3,2574,33275,52,33327
5,7722,147,0,0,3,3,2574,3240,49,3289
5,7722,147,0,0,3,3,2574,16335,49,16384
5,7722,168,0,0,3,3,2574,8125,224,8349
5,7722,192,0,0,3,3,2574,3575,128,3703
5,7722,243,0,0,3,3,2574,14560,81,14641
5,7722,297,0,0,3,3,2574,2645,99,2744
5,7722,363,0,0,3,3,2574,6440,121,6561
5,7722,507,0,0,3,3,2574,5760,169,5929
5,7722,792,0,0,3,3,2574,11375,792,12167
5,7722,1848,0,0,3,3,2574,27945,616,28561
5,7722,2187,0,0,3,3,2574,2560,729,3289
5,7722,3072,0,0,3,3,2574,1725,2048,3773
5,7722,3993,0,0,3,3,2574,1225,2662,3887
5,7722,3993,0,0,3,3,2574,3430,1331,4761
5,7722,5148,0,0,3,3,2574,15625,10296,25921
5,7722,5832,0,0,3,3,2574,6875,7776,14651
5,7722,6468,0,0,3,3,2574,15625,12936,28561
5,7722,6762,0,0,3,3,2574,5625,9016,14641
5,7722,7203,0,0,3,3,2574,4160,2401,6561
5,7752,4332,0,0,3,3,2584,2025,2888,4913
5,7758,5823,0,0,3,3,2586,2155,1941,4096
5,7788,5184,0,0,3,3,2596,25,3456,3481
5,7788,5808,0,0,3,3,2596,25,3872,3897
5,7848,3,0,0,3,3,2616,11880,1,11881
5,7848,9,0,0,3,3,2616,29645,3,29648
5,7848,24,0,0,3,3,2616,4905,8,4913
5,7848,33,0,0,3,3,2616,12960,11,12971
5,7848,33,0,0,3,3,2616,24565,11,24576
5,7848,48,0,0,3,3,2616,6545,16,6561
5,7848,48,0,0,3,3,2616,13125,64,13189
5,7848,243,0,0,3,3,2616,14080,81,14161
5,7848,363,0,0,3,3,2616,11760,121,11881
5,7848,363,0,0,3,3,2616,20480,121,20601
5,7848,384,0,0,3,3,2616,3645,128,3773
5,7848,384,0,0,3,3,2616,15895,128,16023
5,7848,2289,0,0,3,3,2616,7040,763,7803
5,7848,2304,0,0,3,3,2616,875,2304,3179
5,7848,3993,0,0,3,3,2616,425,2662,3087
5,7848,3993,0,0,3,3,2616,13005,1331,14336
5,7848,5559,0,0,3,3,2616,1920,1853,3773
5,7848,7203,0,0,3,3,2616,12240,2401,14641
5,7860,81,0,0,3,3,2620,34295,27,34322
5,7866,3072,0,0,3,3,2622,1805,1024,2829
5,7878,3504,0,0,3,3,2626,4225,2336,6561
5,7896,81,0,0,3,3,2632,12005,27,12032
5,7920,1536,0,0,3,3,2640,625,2048,2673
5,7956,102,0,0,15,3,2652,3125,34,3159
5,7956,3981,0,0,3,3,2652,2430,1327,3757
5,7974,24,0,0,3,3,2658,11875,32,11907
5,7986,1536,0,0,3,3,2662,625,2048,2673
5,7992,3,0,0,3,3,2664,3440,1,3441
5,7992,2187,0,0,3,3,2664,26875,2916,29791
5,7992,2883,0,0,3,3,2664,1075,1922,2997
5,8008,16,0,0,4,4,2002,4455,4,4459
5,8008,16,0,0,4,4,2002,27885,4,27889
5,8008,28,0,0,4,4,2002,13520,7,13527
5,8008,36,0,0,4,4,2002,2695,9,2704
5,8008,96,0,0,4,4,2002,15125,72,15197
5,8008,196,0,0,4,4,2002,16335,49,16384
5,8008,668,0,0,4,4,2002,16640,167,16807
5,8008,676,0,0,4,4,2002,5760,169,5929
5,8008,676,0,0,4,4,2002,27720,169,27889
5,8008,1336,0,0,4,4,2002,10985,334,11319
5,8008,1728,0,0,4,4,2002,875,1296,2171
5,8008,2048,0,0,4,4,2002,625,2048,2673
5,8008,5408,0,0,4,4,2002,835,1352,2187
5,8008,7168,0,0,4,4,2002,405,1792,2197
5,8008,7348,0,0,4,4,2002,360,1837,2197
5,8016,2916,0,0,4,4,2004,125,2187,2312
5,8028,309,0,0,3,3,2676,4460,103,4563
5,8028,768,0,0,3,3,2676,1875,1024,2899
5,8028,7488,0,0,3,3,2676,625,9984,10609
5,8056,64,0,0,4,4,2014,2385,16,2401
5,8056,1444,0,0,4,4,2014,14045,361,14406
5,8056,2916,0,0,4,4,2014,16960,729,17689
5,8056,5936,0,0,4,4,2014,625,5936,6561
5,8056,6784,0,0,4,4,2014,1225,3392,4617
5,8058,2133,0,0,3,3,2686,5120,711,5831
5,8058,3264,0,0,3,3,2686,625,4352,4977
5,8058,7203,0,0,3,3,2686,3840,2401,6241
5,8088,16,0,0,4,4,2022,3025,8,3033
5,8088,108,0,0,4,4,2022,3680,27,3707
5,8088,2048,0,0,4,4,2022,625,2048,2673
5,8112,3,0,0,3,3,2704,6560,1,6561
5,8112,3,0,0,3,3,2704,6655,1,6656
5,8112,507,0,0,3,3,2704,5125,507,5632
5,8112,1353,0,0,3,3,2704,3645,451,4096
5,8112,4563,0,0,3,3,2704,13120,1521,14641
5,8112,5043,0,0,3,3,2704,12960,1681,14641
5,8118,3,0,0,3,3,2706,6560,1,6561
5,8118,1353,0,0,3,3,2706,3645,451,4096
5,8118,5043,0,0,3,3,2706,12960,1681,14641
5,8148,2619,0,0,3,3,2716,125,2619,2744
5,8148,7203,0,0,3,3,2716,12125,7203,19328
5,8168,896,0,0,4,4,2042,5105,224,5329
5,8176,4,0,0,4,4,2044,9855,1,9856
5,8176,4,0,0,4,4,2044,15840,1,15841
5,8176,16,0,0,4,4,2044,11315,4,11319
5,8176,64,0,0,4,4,2044,24025,32,24057
5,8176,124,0,0,4,4,2044,3025,62,3087
5,8176,144,0,0,4,4,2044,15625,216,15841
5,8176,196,0,0,4,4,2044,5280,49,5329
5,8176,196,0,0,4,4,2044,16335,49,16384
5,8176,256,0,0,4,4,2044,9125,192,9317
5,8176,324,0,0,4,4,2044,4015,81,4096
5,8176,584,0,0,4,4,2044,29645,146,29791
5,8176,2044,0,0,4,4,2044,3240,511,3751
5,8176,3844,0,0,4,4,2044,1440,961,2401
5,8176,4116,0,0,4,4,2044,125,3087,3212
5,8176,4704,0,0,4,4,2044,625,4704,5329
5,8176,7744,0,0,4,4,2044,465,1936,2401
5,8176,7884,0,0,4,4,2044,4805,1971,6776
5,8176,7936,0,0,4,4,2044,25,3968,3993
5,8184,64,0,0,4,4,2046,24025,32,24057
5,8184,324,0,0,3,3,2728,29575,216,29791
5,8184,384,0,0,3,3,2728,3645,128,3773
5,8184,429,0,0,3,3,2728,4960,143,5103
5,8184,1029,0,0,3,3,2728,4805,343,5148
5,8184,6804,0,0,3,3,2728,24025,4536,28561
5,8190,1536,0,0,3,3,2730,32955,512,33467
5,8202,3,0,0,3,3,2734,10935,1,10936
5,8202,72,0,0,3,3,2734,6835,24,6859
5,8208,5616,0,0,4,4,2052,625,5616,6241
5,8256,6561,0,0,3,3,2752,10240,2187,12427
5,8262,102,0,0,3,3,2754,4225,68,4293
5,8262,102,0,0,15,3,2754,3125,34,3159
5,8262,1272,0,0,3,3,2754,2025,848,2873
5,8262,2187,0,0,3,3,2754,2080,729,2809
5,8272,1452,0,0,4,4,2068,2645,363,3008
5,8280,648,0,0,4,4,2070,12005,162,12167
5,8280,2048,0,0,4,4,2070,11655,512,12167
5,8288,68,0,0,4,4,2072,2240,17,2257
5,8292,3,0,0,3,3,2764,3455,1,3456
5,8296,244,0,0,4,4,2074,2880,61,2941
5,8296,2916,0,0,4,4,2074,125,2187,2312
5,8310,831,0,0,15,3,2770,3125,277,3402
5,8316,21,0,0,3,3,2772,7220,7,7227
5,8316,27,0,0,3,3,2772,5320,9,5329
5,8316,147,0,0,3,3,2772,5280,49,5329
5,8316,147,0,0,3,3,2772,7695,49,7744
5,8316,147,0,0,3,3,2772,16335,49,16384
5,8316,171,0,0,3,3,2772,3520,57,3577
5,8316,192,0,0,3,3,2772,9125,192,9317
5,8316,336,0,0,3,3,2772,3025,224,3249
5,8316,441,0,0,3,3,2772,2375,441,2816
5,8316,627,0,0,3,3,2772,5120,209,5329
5,8316,1176,0,0,3,3,2772,6075,784,6859
5,8316,1452,0,0,3,3,2772,1825,968,2793
5,8316,1971,0,0,3,3,2772,2000,1971,3971
5,8316,3087,0,0,3,3,2772,125,3087,3212
5,8316,3456,0,0,3,3,2772,3025,2304,5329
5,8316,3456,0,0,3,3,2772,26645,1152,27797
5,8316,4332,0,0,3,3,2772,3025,2888,5913
5,8316,6156,0,0,3,3,2772,1225,4104,5329
5,8316,6156,0,0,3,3,2772,1825,4104,5929
5,8316,6156,0,0,3,3,2772,625,8208,8833
5,8316,7581,0,0,3,3,2772,275,5054,5329
5,8316,7581,0,0,3,3,2772,32805,2527,35332
5,8344,4,0,0,4,4,2086,4320,1,4321
5,8344,324,0,0,4,4,2086,2320,81,2401
5,8344,2352,0,0,4,4,2086,21025,1176,22201
5,8344,8192,0,0,4,4,2086,225,4096,4321
5,8346,81,0,0,3,3,2782,13375,81,13456
5,8346,321,0,0,3,3,2782,40960,107,41067
5,8346,507,0,0,3,3,2782,4205,169,4374
5,8346,1392,0,0,3,3,2782,10985,464,11449
5,8352,192,0,0,3,3,2784,4975,128,5103
5,8352,243,0,0,3,3,2784,6125,243,6368
5,8364,324,0,0,3,3,2788,4805,108,4913
5,8376,1024,0,0,4,4,2094,15625,1536,17161
5,8392,972,0,0,4,4,2098,5245,243,5488
5,8424,4,0,0,4,4,2106,10880,1,10881
5,8424,24,0,0,3,3,2808,3645,8,3653
5,8424,124,0,0,4,4,2106,10985,31,11016
5,8424,432,0,0,4,4,2106,4805,108,4913
5,8424,3844,0,0,4,4,2106,1215,961,2176
5,8436,27,0,0,3,3,2812,4480,9,4489
5,8436,27,0,0,3,3,2812,34295,9,34304
5,8436,42,0,0,3,3,2812,6845,14,6859
5,8436,57,0,0,3,3,2812,16750,57,16807
5,8436,111,0,0,3,3,2812,6480,37,6517
5,8436,147,0,0,3,3,2812,4440,49,4489
5,8436,201,0,0,3,3,2812,6845,67,6912
5,8436,201,0,0,3,3,2812,11840,67,11907
5,8436,576,0,0,3,3,2812,6475,384,6859
5,8436,1176,0,0,3,3,2812,6075,784,6859
5,8436,2187,0,0,3,3,2812,44890,729,45619
5,8436,4107,0,0,3,3,2812,22445,1369,23814
5,8436,5427,0,0,3,3,2812,6125,5427,11552
5,8436,7776,0,0,3,3,2812,1675,5184,6859
5,8440,2048,0,0,4,4,2110,625,2048,2673
5,8442,27,0,0,3,3,2814,4480,9,4489
5,8442,147,0,0,3,3,2814,16335,49,16384
5,8442,363,0,0,3,3,2814,3015,121,3136
5,8442,3072,0,0,3,3,2814,3465,1024,4489
5,8448,196,0,0,4,4,2112,16335,49,16384
5,8448,2048,0,0,4,4,2112,625,2048,2673
5,8512,32,0,0,4,4,2128,11875,32,11907
5,8512,972,0,0,4,4,2128,8875,729,9604
5,8514,129,0,0,15,3,2838,3125,43,3168
5,8526,21,0,0,15,3,2842,3125,7,3132
5,8526,72,0,0,3,3,2842,9875,72,9947
5,8526,87,0,0,3,3,2842,3555,29,3584
5,8536,4,0,0,4,4,2134,7920,1,7921
5,8536,1024,0,0,4,4,2134,2425,512,2937
5,8536,5324,0,0,4,4,2134,4365,1331,5696
5,8550,6561,0,0,3,3,2850,4805,2187,6992
5,8560,428,0,0,4,4,2140,2205,107,2312
5,8568,36,0,0,4,4,2142,4480,9,4489
5,8568,128,0,0,4,4,2142,30625,128,30753
5,8568,1296,0,0,4,4,2142,4165,324,4489
5,8568,2916,0,0,4,4,2142,125,2187,2312
5,8568,3468,0,0,4,4,2142,8375,2601,10976
5,8568,4288,0,0,4,4,2142,625,4288,4913
5,8568,6528,0,0,4,4,2142,1225,3264,4489
5,8580,6561,0,0,3,3,2860,3445,2187,5632
5,8580,6561,0,0,3,3,2860,22000,6561,28561
5,8592,1432,0,0,20,4,2148,3125,358,3483
5,8604,1029,0,0,3,3,2868,8405,343,8748
5,8616,196,0,0,4,4,2154,16335,49,16384
5,8624,4,0,0,4,4,2156,6655,1,6656
5,8624,4,0,0,4,4,2156,9295,1,9296
5,8624,44,0,0,20,4,2156,3125,11,3136
5,8640,368,0,0,4,4,2160,2025,184,2209
5,8652,3,0,0,3,3,2884,4095,1,4096
5,8652,3,0,0,3,3,2884,10815,1,10816
5,8652,333,0,0,3,3,2884,3185,111,3296
5,8652,768,0,0,3,3,2884,2575,512,3087
5,8652,4107,0,0,3,3,2884,3090,1369,4459
5,8652,4107,0,0,3,3,2884,5120,1369,6489
5,8652,4107,0,0,3,3,2884,6695,1369,8064
5,8652,4107,0,0,3,3,2884,23660,1369,25029
5,8652,7203,0,0,3,3,2884,515,2401,2916
5,8652,7203,0,0,3,3,2884,4160,2401,6561
5,8652,7488,0,0,3,3,2884,625,9984,10609
5,8652,8112,0,0,3,3,2884,1875,10816,12691
5,8652,8343,0,0,3,3,2884,845,2781,3626
5,8658,3,0,0,3,3,2886,7695,1,7696
5,8658,9,0,0,15,3,2886,6250,3,6253
5,8658,1443,0,0,3,3,2886,6080,481,6561
5,8688,3,0,0,3,3,2896,25920,1,25921
5,8688,384,0,0,3,3,2896,4375,512,4887
5,8688,729,0,0,3,3,2896,3920,243,4163
5,8694,174,0,0,3,3,2898,3645,58,3703
5,8694,8004,0,0,3,3,2898,1225,5336,6561
5,8704,44,0,0,4,4,2176,24565,11,24576
5,8712,1452,0,0,20,4,2178,3125,363,3488
5,8728,16,0,0,4,4,2182,14175,8,14183
5,8728,128,0,0,4,4,2182,7605,32,7637
5,8728,4096,0,0,4,4,2182,1225,2048,3273
5,8728,7168,0,0,4,4,2182,405,1792,2197
5,8728,8728,0,0,4,4,2182,5,2182,2187
5,8728,8728,0,0,4,4,2182,15,2182,2197
5,8730,7776,0,0,3,3,2910,4225,5184,9409
5,8736,4,0,0,4,4,2184,4095,1,4096
5,8736,312,0,0,3,3,2912,29375,416,29791
5,8736,1944,0,0,4,4,2184,1225,972,2197
5,8736,7776,0,0,4,4,2184,27325,3888,31213
5,8742,2883,0,0,3,3,2914,125,2883,3008
5,8766,6561,0,0,3,3,2922,10240,2187,12427
5,8772,3,0,0,3,3,2924,10240,1,10241
5,8772,33,0,0,3,3,2924,4085,11,4096
5,8772,1617,0,0,3,3,2924,4085,539,4624
5,8772,3072,0,0,3,3,2924,13475,2048,15523
5,8772,3993,0,0,3,3,2924,1805,1331,3136
5,8772,5547,0,0,3,3,2924,1330,1849,3179
5,8778,3,0,0,3,3,2926,3135,1,3136
5,8778,3,0,0,3,3,2926,10240,1,10241
5,8778,3,0,0,3,3,2926,14640,1,14641
5,8778,3,0,0,3,3,2926,29645,1,29646
5,8778,24,0,0,3,3,2926,11875,32,11907
5,8778,33,0,0,15,3,2926,3125,11,3136
5,8778,48,0,0,3,3,2926,16775,32,16807
5,8778,183,0,0,3,3,2926,14580,61,14641
5,8778,228,0,0,3,3,2926,3645,76,3721
5,8778,228,0,0,3,3,2926,5625,304,5929
5,8778,384,0,0,3,3,2926,3645,128,3773
5,8778,549,0,0,3,3,2926,32585,183,32768
5,8778,594,0,0,3,3,2926,3325,396,3721
5,8778,768,0,0,3,3,2926,3465,256,3721
5,8778,1083,0,0,3,3,2926,3360,361,3721
5,8778,1539,0,0,3,3,2926,6655,513,7168
5,8778,2508,0,0,3,3,2926,625,3344,3969
5,8778,3078,0,0,3,3,2926,2695,1026,3721
5,8778,3234,0,0,3,3,2926,18605,1078,19683
5,8778,3648,0,0,3,3,2926,125,3648,3773
5,8778,3993,0,0,3,3,2926,1805,1331,3136
5,8778,3993,0,0,3,3,2926,3610,1331,4941
5,8778,4224,0,0,3,3,2926,5795,1408,7203
5,8778,4374,0,0,3,3,2926,6655,1458,8113
5,8778,4704,0,0,3,3,2926,625,6272,6897
5,8778,5544,0,0,3,3,2926,25,3696,3721
5,8778,6954,0,0,3,3,2926,1925,4636,6561
5,8778,7203,0,0,3,3,2926,1320,2401,3721
5,8778,7203,0,0,3,3,2926,26840,2401,29241
5,8800,2048,0,0,4,4,2200,625,2048,2673
5,8808,4096,0,0,4,4,2202,475,2048,2523
5,8814,24,0,0,3,3,2938,4375,32,4407
5,8814,4704,0,0,3,3,2938,25425,3136,28561
5,8832,12,0,0,20,4,2208,3125,3,3128
5,8832,48,0,0,3,3,2944,13225,32,13257
5,8838,729,0,0,3,3,2946,3685,243,3928
5,8848,756,0,0,4,4,2212,16195,189,16384
5,8856,4,0,0,4,4,2214,6560,1,6561
5,8856,7776,0,0,3,3,2952,875,7776,8651
5,8874,24,0,0,3,3,2958,18225,16,18241
5,8874,999,0,0,3,3,2958,3625,999,4624
5,8874,3219,0,0,3,3,2958,3840,1073,4913
5,8880,2048,0,0,4,4,2220,625,2048,2673
5,8892,1083,0,0,3,3,2964,7415,361,7776
5,8896,64,0,0,4,4,2224,2385,16,2401
5,8896,5936,0,0,4,4,2224,625,5936,6561
5,8896,6784,0,0,4,4,2224,4865,1696,6561
5,8904,64,0,0,4,4,2226,2385,16,2401
5,8904,159,0,0,3,3,2968,15435,53,15488
5,8904,384,0,0,3,3,2968,3645,128,3773
5,8910,96,0,0,3,3,2970,6655,32,6687
5,8922,2883,0,0,3,3,2974,10935,961,11896
5,8928,729,0,0,3,3,2976,7445,243,7688
5,8944,4,0,0,4,4,2236,16640,1,16641
5,8944,52,0,0,4,4,2236,16000,39,16039
5,8968,16,0,0,4,4,2242,2295,4,2299
5,8968,16,0,0,4,4,2242,3245,4,3249
5,8968,76,0,0,4,4,2242,3245,19,3264
5,8968,76,0,0,4,4,2242,17405,19,17424
5,8968,108,0,0,4,4,2242,5605,27,5632
5,8968,176,0,0,4,4,2242,16875,176,17051
5,8968,236,0,0,4,4,2242,24565,59,24624
5,8968,816,0,0,4,4,2242,6655,204,6859
5,8968,2048,0,0,4,4,2242,1275,1024,2299
5,8968,2048,0,0,4,4,2242,625,2048,2673
5,8968,2916,0,0,4,4,2242,125,2187,2312
5,8968,2916,0,0,4,4,2242,20570,729,21299
5,8968,3776,0,0,4,4,2242,3025,1888,4913
5,8968,5776,0,0,4,4,2242,2025,2888,4913
5,8968,8228,0,0,4,4,2242,2560,2057,4617
5,8968,8748,0,0,4,4,2242,24565,2187,26752
5,8976,44,0,0,4,4,2244,24565,11,24576
5,8976,2916,0,0,4,4,2244,125,2187,2312
5,8976,4131,0,0,3,3,2992,2495,1377,3872
5,9016,4,0,0,4,4,2254,2645,1,2646
5,9016,4,0,0,4,4,2254,25920,1,25921
5,9016,196,0,0,20,4,2254,3125,49,3174
5,9016,256,0,0,4,4,2254,11045,64,11109
5,9016,3456,0,0,4,4,2254,575,1728,2303
5,9016,8836,0,0,4,4,2254,735,2209,2944
5,9040,8788,0,0,4,4,2260,1080,2197,3277
5,9048,676,0,0,4,4,2262,4205,169,4374
5,9064,44,0,0,20,4,2266,3125,11,3136
5,9064,512,0,0,4,4,2266,3645,128,3773
5,9064,1024,0,0,4,4,2266,2575,512,3087
5,9064,3584,0,0,4,4,2266,5665,896,6561
5,9064,4752,0,0,4,4,2266,25,2376,2401
5,9064,9064,0,0,4,4,2266,135,2266,2401
5,9096,4,0,0,4,4,2274,5120,1,5121
5,9112,512,0,0,4,4,2278,5625,512,6137
5,9120,1568,0,0,4,4,2280,6075,784,6859
5,9120,8748,0,0,4,4,2280,245,2187,2432
5,9144,4,0,0,4,4,2286,6655,1,6656
5,9168,148,0,0,4,4,2292,5120,37,5157
5,9168,296,0,0,4,4,2292,5625,296,5921
5,9168,1728,0,0,4,4,2292,4625,1296,5921
5,9184,4,0,0,4,4,2296,6125,3,6128
5,9184,4,0,0,4,4,2296,6560,1,6561
5,9184,164,0,0,4,4,2296,10935,41,10976
5,9184,1312,0,0,4,4,2296,2025,656,2681
5,9184,1372,0,0,4,4,2296,8405,343,8748
5,9184,1372,0,0,4,4,2296,15360,343,15703
5,9184,1944,0,0,4,4,2296,1915,486,2401
5,9184,6724,0,0,4,4,2296,720,1681,2401
5,9232,432,0,0,4,4,2308,14425,216,14641
5,9232,512,0,0,4,4,2308,3645,128,3773
5,9232,4752,0,0,4,4,2308,25,2376,2401
5,9240,2048,0,0,4,4,2310,625,2048,2673
5,9248,5696,0,0,4,4,2312,25,2848,2873
5,9256,324,0,0,4,4,2314,28480,81,28561
5,9256,2916,0,0,4,4,2314,1780,729,2509
5,9256,2916,0,0,4,4,2314,11125,2187,13312
5,9264,304,0,0,4,4,2316,3645,76,3721
5,9288,36,0,0,4,4,2322,6880,9,6889
5,9288,7396,0,0,4,4,2322,5040,1849,6889
5,9328,1556,0,0,4,4,2332,2420,389,2809
5,9328,2048,0,0,4,4,2332,625,2048,2673
5,9328,3456,0,0,4,4,2332,1945,864,2809
5,9328,4356,0,0,4,4,2332,125,3267,3392
5,9376,9376,0,0,4,4,2344,225,4688,4913
5,9384,12,0,0,20,4,2346,3125,3,3128
5,9400,108,0,0,4,4,2350,12005,27,12032
5,9408,196,0,0,4,4,2352,16335,49,16384
5,9408,428,0,0,4,4,2352,8085,107,8192
5,9408,2048,0,0,4,4,2352,625,2048,2673
5,9408,2916,0,0,4,4,2352,2695,729,3424
5,9424,12,0,0,4,4,2356,16375,9,16384
5,9424,1024,0,0,4,4,2356,10935,256,11191
5,9424,1024,0,0,4,4,2356,15625,1536,17161
5,9432,12,0,0,4,4,2358,16375,9,16384
5,9432,6912,0,0,4,4,2358,25,3456,3481
5,9456,4,0,0,4,4,2364,2560,1,2561
5,9456,4,0,0,4,4,2364,4095,1,4096
5,9456,4,0,0,4,4,2364,38415,1,38416
5,9456,64,0,0,4,4,2364,15925,32,15957
5,9504,4,0,0,4,4,2376,6560,1,6561
5,9504,1804,0,0,4,4,2376,3645,451,4096
5,9504,6724,0,0,4,4,2376,12960,1681,14641
5,9520,5508,0,0,4,4,2380,25,2754,2779
5,9520,8748,0,0,4,4,2380,4165,2187,6352
5,9568,28,0,0,4,4,2392,12160,7,12167
5,9568,56,0,0,4,4,2392,5625,56,5681
5,9568,76,0,0,4,4,2392,15360,19,15379
5,9568,256,0,0,4,4,2392,3185,64,3249
5,9568,368,0,0,4,4,2392,4275,184,4459
5,9568,448,0,0,4,4,2392,2875,336,3211
5,9568,648,0,0,4,4,2392,12005,162,12167
5,9568,988,0,0,4,4,2392,16560,247,16807
5,9568,1568,0,0,4,4,2392,6075,784,6859
5,9568,2016,0,0,4,4,2392,2375,1512,3887
5,9568,2116,0,0,4,4,2392,4655,529,5184
5,9568,2116,0,0,4,4,2392,8575,1058,9633
5,9568,2268,0,0,4,4,2392,10985,567,11552
5,9568,5776,0,0,4,4,2392,1715,1444,3159
5,9568,6348,0,0,4,4,2392,845,1587,2432
5,9568,6916,0,0,4,4,2392,1215,1729,2944
5,9568,6916,0,0,4,4,2392,2645,1729,4374
5,9568,7448,0,0,4,4,2392,625,7448,8073
5,9568,8748,0,0,4,4,2392,245,2187,2432
5,9568,8788,0,0,4,4,2392,4320,2197,6517
5,9568,9568,0,0,4,4,2392,135,2392,2527
5,9576,2916,0,0,4,4,2394,2995,729,3724
5,9600,8748,0,0,4,4,2400,6005,2187,8192
5,9624,64,0,0,4,4,2406,9245,16,9261
5,9648,3888,0,0,4,4,2412,2125,2916,5041
5,9648,4288,0,0,4,4,2412,625,4288,4913
5,9664,4,0,0,4,4,2416,4680,1,4681
5,9664,6144,0,0,4,4,2416,19375,6144,25519
5,9736,196,0,0,4,4,2434,24340,49,24389
5,9744,4,0,0,4,4,2436,2645,1,2646
5,9744,4,0,0,4,4,2436,12005,1,12006
5,9744,4,0,0,4,4,2436,25920,1,25921
5,9744,92,0,0,4,4,2436,4240,23,4263
5,9744,232,0,0,4,4,2436,3645,58,3703
5,9744,2484,0,0,4,4,2436,3625,1863,5488
5,9744,3364,0,0,4,4,2436,3920,841,4761
5,9744,3364,0,0,4,4,2436,10935,841,11776
5,9744,5184,0,0,4,4,2436,14045,1296,15341
5,9744,5724,0,0,4,4,2436,2875,4293,7168
5,9744,7452,0,0,4,4,2436,12985,1863,14848
5,9744,9604,0,0,4,4,2436,2645,2401,5046
5,9760,2048,0,0,4,4,2440,625,2048,2673
5,9760,9028,0,0,4,4,2440,405,2257,2662
5,9768,16,0,0,4,4,2442,10985,4,10989
5,9768,2048,0,0,4,4,2442,625,2048,2673
5,9768,2068,0,0,4,4,2442,17280,517,17797
5,9768,3328,0,0,4,4,2442,3645,832,4477
5,9768,6956,0,0,4,4,2442,10240,1739,11979
5,9768,8748,0,0,4,4,2442,22000,6561,28561
5,9768,8836,0,0,4,4,2442,495,2209,2704
5,9856,44,0,0,20,4,2464,3125,11,3136
5,9856,196,0,0,4,4,2464,16335,49,16384
5,9856,1024,0,0,4,4,2464,14385,256,14641
5,9904,6912,0,0,4,4,2476,25,3456,3481
5,9904,8192,0,0,4,4,2476,1475,4096,5571
5,9904,9604,0,0,4,4,2476,1080,2401,3481
5,9912,6912,0,0,4,4,2478,25,3456,3481
5,9928,2628,0,0,4,4,2482,2125,1971,4096
5,9928,6716,0,0,4,4,2482,24565,1679,26244
5,9928,9248,0,0,4,4,2482,9855,2312,12167
5,9976,4,0,0,4,4,2494,16640,1,16641
5,9976,676,0,0,4,4,2494,4205,169,4374
5,9984,1024,0,0,4,4,2496,10985,256,11241
5,10010,20,0,0,5,5,2002,4455,4,4459
5,10010,20,0,0,5,5,2002,27885,4,27889
5,10010,35,0,0,5,5,2002,13520,7,13527
5,10010,45,0,0,5,5,2002,2695,9,2704
5,10010,120,0,0,5,5,2002,15125,72,15197
5,10010,245,0,0,5,5,2002,16335,49,16384
5,10010,835,0,0,5,5,2002,16640,167,16807
5,10010,845,0,0,5,5,2002,5760,169,5929
5,10010,845,0,0,5,5,2002,27720,169,27889
5,10010,1670,0,0,5,5,2002,10985,334,11319
5,10010,2160,0,0,5,5,2002,875,1296,2171
5,10010,2560,0,0,5,5,2002,625,2048,2673
5,10010,6760,0,0,5,5,2002,835,1352,2187
5,10010,8960,0,0,5,5,2002,405,1792,2197
5,10010,9185,0,0,5,5,2002,360,1837,2197
5,10020,3645,0,0,5,5,2004,125,2187,2312
5,10024,4,0,0,4,4,2506,3135,1,3136
5,10024,4,0,0,4,4,2506,10240,1,10241
5,10024,4,0,0,4,4,2506,40095,1,40096
5,10024,32,0,0,4,4,2506,11875,32,11907
5,10024,44,0,0,4,4,2506,3580,11,3591
5,10024,304,0,0,4,4,2506,5625,304,5929
5,10024,484,0,0,4,4,2506,31920,121,32041
5,10024,512,0,0,4,4,2506,3645,128,3773
5,10024,972,0,0,4,4,2506,17005,243,17248
5,10024,972,0,0,4,4,2506,22375,729,23104
5,10024,1444,0,0,4,4,2506,9845,361,10206
5,10024,1444,0,0,4,4,2506,31680,361,32041
5,10024,2052,0,0,4,4,2506,6655,513,7168
5,10024,2432,0,0,4,4,2506,13425,1216,14641
5,10024,3344,0,0,4,4,2506,625,3344,3969
5,10024,4864,0,0,4,4,2506,125,3648,3773
5,10024,5324,0,0,4,4,2506,1805,1331,3136
5,10024,6272,0,0,4,4,2506,625,6272,6897
5,10032,5472,0,0,4,4,2508,25,2736,2761
5,10056,384,0,0,4,4,2514,4625,288,4913
5,10070,80,0,0,5,5,2014,2385,16,2401
5,10070,1805,0,0,5,5,2014,14045,361,14406
5,10070,3645,0,0,5,5,2014,16960,729,17689
5,10070,7420,0,0,5,5,2014,625,5936,6561
5,10070,8480,0,0,5,5,2014,1225,3392,4617
5,10110,20,0,0,5,5,2022,3025,8,3033
5,10110,135,0,0,5,5,2022,3680,27,3707
5,10110,2560,0,0,5,5,2022,625,2048,2673
5,10120,2048,0,0,4,4,2530,625,2048,2673
5,10128,3376,0,0,20,4,2532,3125,844,3969
5,10176,4,0,0,4,4,2544,27135,1,27136
5,10176,36,0,0,4,4,2544,34295,9,34304
5,10184,8192,0,0,4,4,2546,1235,2048,3283
5,10192,612,0,0,4,4,2548,4000,459,4459
5,10192,6912,0,0,4,4,2548,3185,1728,4913
5,10200,928,0,0,4,4,2550,6875,928,7803
5,10200,2048,0,0,4,4,2550,625,2048,2673
5,10210,1120,0,0,5,5,2042,5105,224,5329
5,10220,5,0,0,5,5,2044,9855,1,9856
5,10220,5,0,0,5,5,2044,15840,1,15841
5,10220,20,0,0,5,5,2044,11315,4,11319
5,10220,80,0,0,5,5,2044,24025,32,24057
5,10220,155,0,0,5,5,2044,3025,62,3087
5,10220,180,0,0,5,5,2044,15625,216,15841
5,10220,245,0,0,5,5,2044,5280,49,5329
5,10220,245,0,0,5,5,2044,16335,49,16384
5,10220,320,0,0,5,5,2044,9125,192,9317
5,10220,405,0,0,5,5,2044,4015,81,4096
5,10220,730,0,0,5,5,2044,29645,146,29791
5,10220,2555,0,0,5,5,2044,3240,511,3751
5,10220,4805,0,0,5,5,2044,1440,961,2401
5,10220,5145,0,0,5,5,2044,125,3087,3212
5,10220,5880,0,0,5,5,2044,625,4704,5329
5,10220,9680,0,0,5,5,2044,465,1936,2401
5,10220,9855,0,0,5,5,2044,4805,1971,6776
5,10220,9920,0,0,5,5,2044,25,3968,3993
5,10230,80,0,0,5,5,2046,24025,32,24057
5,10248,756,0,0,4,4,2562,7625,567,8192
5,10260,7020,0,0,5,5,2052,625,5616,6241
5,10288,208,0,0,4,4,2572,3215,52,3267
5,10288,2048,0,0,4,4,2572,625,2048,2673
5,10288,8748,0,0,4,4,2572,16075,4374,20449
5,10288,8748,0,0,4,4,2572,22000,6561,28561
5,10296,4,0,0,4,4,2574,2645,1,2646
5,10296,4,0,0,4,4,2574,3380,1,3381
5,10296,4,0,0,4,4,2574,4095,1,4096
5,10296,4,0,0,4,4,2574,6655,1,6656
5,10296,4,0,0,4,4,2574,8280,1,8281
5,10296,4,0,0,4,4,2574,25920,1,25921
5,10296,16,0,0,4,4,2574,4455,4,4459
5,10296,36,0,0,4,4,2574,2695,9,2704
5,10296,44,0,0,4,4,2574,7360,11,7371
5,10296,44,0,0,20,4,2574,3125,11,3136
5,10296,96,0,0,4,4,2574,7865,24,7889
5,10296,104,0,0,4,4,2574,33275,52,33327
5,10296,196,0,0,4,4,2574,3240,49,3289
5,10296,196,0,0,4,4,2574,16335,49,16384
5,10296,224,0,0,4,4,2574,8125,224,8349
5,10296,256,0,0,4,4,2574,3575,128,3703
5,10296,324,0,0,4,4,2574,14560,81,14641
5,10296,396,0,0,4,4,2574,2645,99,2744
5,10296,484,0,0,4,4,2574,6440,121,6561
5,10296,676,0,0,4,4,2574,5760,169,5929
5,10296,1056,0,0,4,4,2574,11375,792,12167
5,10296,2464,0,0,4,4,2574,27945,616,28561
5,10296,2916,0,0,4,4,2574,2560,729,3289
5,10296,4096,0,0,4,4,2574,1725,2048,3773
5,10296,5324,0,0,4,4,2574,1225,2662,3887
5,10296,5324,0,0,4,4,2574,3430,1331,4761
5,10296,6864,0,0,4,4,2574,15625,10296,25921
5,10296,7776,0,0,4,4,2574,6875,7776,14651
5,10296,8624,0,0,4,4,2574,15625,12936,28561
5,10296,9016,0,0,4,4,2574,5625,9016,14641
5,10296,9604,0,0,4,4,2574,4160,2401,6561
5,10336,5776,0,0,4,4,2584,2025,2888,4913
5,10340,1815,0,0,5,5,2068,2645,363,3008
5,10344,7764,0,0,4,4,2586,2155,1941,4096
5,10350,810,0,0,5,5,2070,12005,162,12167
5,10350,2560,0,0,5,5,2070,11655,512,12167
5,10360,85,0,0,5,5,2072,2240,17,2257
5,10370,305,0,0,5,5,2074,2880,61,2941
5,10370,3645,0,0,5,5,2074,125,2187,2312
5,10384,6912,0,0,4,4,2596,25,3456,3481
5,10384,7744,0,0,4,4,2596,25,3872,3897
5,10430,5,0,0,5,5,2086,4320,1,4321
5,10430,405,0,0,5,5,2086,2320,81,2401
5,10430,2940,0,0,5,5,2086,21025,1176,22201
5,10430,10240,0,0,5,5,2086,225,4096,4321
5,10464,4,0,0,4,4,2616,11880,1,11881
5,10464,12,0,0,4,4,2616,29645,3,29648
5,10464,32,0,0,4,4,2616,4905,8,4913
5,10464,44,0,0,4,4,2616,12960,11,12971
5,10464,44,0,0,4,4,2616,24565,11,24576
5,10464,64,0,0,4,4,2616,6545,16,6561
5,10464,64,0,0,4,4,2616,13125,64,13189
5,10464,324,0,0,4,4,2616,14080,81,14161
5,10464,484,0,0,4,4,2616,11760,121,11881
5,10464,484,0,0,4,4,2616,20480,121,20601
5,10464,512,0,0,4,4,2616,3645,128,3773
5,10464,512,0,0,4,4,2616,15895,128,16023
5,10464,3052,0,0,4,4,2616,7040,763,7803
5,10464,3072,0,0,4,4,2616,875,2304,3179
5,10464,5324,0,0,4,4,2616,425,2662,3087
5,10464,5324,0,0,4,4,2616,13005,1331,14336
5,10464,7412,0,0,4,4,2616,1920,1853,3773
5,10464,9604,0,0,4,4,2616,12240,2401,14641
5,10470,1280,0,0,5,5,2094,15625,1536,17161
5,10480,108,0,0,4,4,2620,34295,27,34322
5,10488,4096,0,0,4,4,2622,1805,1024,2829
5,10490,1215,0,0,5,5,2098,5245,243,5488
5,10504,4672,0,0,4,4,2626,4225,2336,6561
5,10528,108,0,0,4,4,2632,12005,27,12032
5,10530,5,0,0,5,5,2106,10880,1,10881
5,10530,155,0,0,5,5,2106,10985,31,11016
5,10530,540,0,0,5,5,2106,4805,108,4913
5,10530,4805,0,0,5,5,2106,1215,961,2176
5,10550,2560,0,0,5,5,2110,625,2048,2673
5,10560,245,0,0,5,5,2112,16335,49,16384
5,10560,2048,0,0,4,4,2640,625,2048,2673
5,10560,2560,0,0,5,5,2112,625,2048,2673
5,10608,136,0,0,20,4,2652,3125,34,3159
5,10608,5308,0,0,4,4,2652,2430,1327,3757
5,10632,32,0,0,4,4,2658,11875,32,11907
5,10640,40,0,0,5,5,2128,11875,32,11907
5,10640,1215,0,0,5,5,2128,8875,729,9604
5,10648,2048,0,0,4,4,2662,625,2048,2673
5,10656,4,0,0,4,4,2664,3440,1,3441
5,10656,2916,0,0,4,4,2664,26875,2916,29791
5,10656,3844,0,0,4,4,2664,1075,1922,2997
5,10670,5,0,0,5,5,2134,7920,1,7921
5,10670,1280,0,0,5,5,2134,2425,512,2937
5,10670,6655,0,0,5,5,2134,4365,1331,5696
5,10700,535,0,0,5,5,2140,2205,107,2312
5,10704,412,0,0,4,4,2676,4460,103,4563
5,10704,1024,0,0,4,4,2676,1875,1024,2899
5,10704,9984,0,0,4,4,2676,625,9984,10609
5,10710,45,0,0,5,5,2142,4480,9,4489
5,10710,160,0,0,5,5,2142,30625,128,30753
5,10710,1620,0,0,5,5,2142,4165,324,4489
5,10710,3645,0,0,5,5,2142,125,2187,2312
5,10710,4335,0,0,5,5,2142,8375,2601,10976
5,10710,5360,0,0,5,5,2142,625,4288,4913
5,10710,8160,0,0,5,5,2142,1225,3264,4489
5,10740,1790,0,0,25,5,2148,3125,358,3483
5,10744,2844,0,0,4,4,2686,5120,711,5831
5,10744,4352,0,0,4,4,2686,625,4352,4977
5,10744,9604,0,0,4,4,2686,3840,2401,6241
5,10770,245,0,0,5,5,2154,16335,49,16384
5,10780,5,0,0,5,5,2156,6655,1,6656
5,10780,5,0,0,5,5,2156,9295,1,9296
5,10780,55,0,0,25,5,2156,3125,11,3136
5,10800,460,0,0,5,5,2160,2025,184,2209
5,10816,4,0,0,4,4,2704,6560,1,6561
5,10816,4,0,0,4,4,2704,6655,1,6656
5,10816,676,0,0,4,4,2704,5125,507,5632
5,10816,1804,0,0,4,4,2704,3645,451,4096
5,10816,6084,0,0,4,4,2704,13120,1521,14641
5,10816,6724,0,0,4,4,2704,12960,1681,14641
5,10824,4,0,0,4,4,2706,6560,1,6561
5,10824,1804,0,0,4,4,2706,3645,451,4096
5,10824,6724,0,0,4,4,2706,12960,1681,14641
5,10864,3492,0,0,4,4,2716,125,2619,2744
5,10864,9604,0,0,4,4,2716,12125,7203,19328
5,10880,55,0,0,5,5,2176,24565,11,24576
5,10890,1815,0,0,25,5,2178,3125,363,3488
5,10910,20,0,0,5,5,2182,14175,8,14183
5,10910,160,0,0,5,5,2182,7605,32,7637
5,10910,5120,0,0,5,5,2182,1225,2048,3273
5,10910,8960,0,0,5,5,2182,405,1792,2197
5,10910,10910,0,0,5,5,2182,5,2182,2187
5,10910,10910,0,0,5,5,2182,15,2182,2197
5,10912,432,0,0,4,4,2728,29575,216,29791
5,10912,512,0,0,4,4,2728,3645,128,3773
5,10912,572,0,0,4,4,2728,4960,143,5103
5,10912,1372,0,0,4,4,2728,4805,343,5148
5,10912,9072,0,0,4,4,2728,24025,4536,28561
5,10920,5,0,0,5,5,2184,4095,1,4096
5,10920,2048,0,0,4,4,2730,32955,512,33467
5,10920,2430,0,0,5,5,2184,1225,972,2197
5,10920,9720,0,0,5,5,2184,27325,3888,31213
5,10936,4,0,0,4,4,2734,10935,1,10936
5,10936,96,0,0,4,4,2734,6835,24,6859
5,11000,2560,0,0,5,5,2200,625,2048,2673
5,11008,8748,0,0,4,4,2752,10240,2187,12427
5,11010,5120,0,0,5,5,2202,475,2048,2523
5,11016,136,0,0,4,4,2754,4225,68,4293
5,11016,136,0,0,20,4,2754,3125,34,3159
5,11016,1696,0,0,4,4,2754,2025,848,2873
5,11016,2916,0,0,4,4,2754,2080,729,2809
5,11040,15,0,0,25,5,2208,3125,3,3128
5,11056,4,0,0,4,4,2764,3455,1,3456
5,11060,945,0,0,5,5,2212,16195,189,16384
5,11070,5,0,0,5,5,2214,6560,1,6561
5,11080,1108,0,0,20,4,2770,3125,277,3402
5,11088,28,0,0,4,4,2772,7220,7,7227
5,11088,36,0,0,4,4,2772,5320,9,5329
5,11088,196,0,0,4,4,2772,5280,49,5329
5,11088,196,0,0,4,4,2772,7695,49,7744
5,11088,196,0,0,4,4,2772,16335,49,16384
5,11088,228,0,0,4,4,2772,3520,57,3577
5,11088,256,0,0,4,4,2772,9125,192,9317
5,11088,448,0,0,4,4,2772,3025,224,3249
5,11088,588,0,0,4,4,2772,2375,441,2816
5,11088,836,0,0,4,4,2772,5120,209,5329
5,11088,1568,0,0,4,4,2772,6075,784,6859
5,11088,1936,0,0,4,4,2772,1825,968,2793
5,11088,2628,0,0,4,4,2772,2000,1971,3971
5,11088,4116,0,0,4,4,2772,125,3087,3212
5,11088,4608,0,0,4,4,2772,3025,2304,5329
5,11088,4608,0,0,4,4,2772,26645,1152,27797
5,11088,5776,0,0,4,4,2772,3025,2888,5913
5,11088,8208,0,0,4,4,2772,1225,4104,5329
5,11088,8208,0,0,4,4,2772,1825,4104,5929
5,11088,8208,0,0,4,4,2772,625,8208,8833
5,11088,10108,0,0,4,4,2772,275,5054,5329
5,11088,10108,0,0,4,4,2772,32805,2527,35332
5,11100,2560,0,0,5,5,2220,625,2048,2673
5,11120,80,0,0,5,5,2224,2385,16,2401
5,11120,7420,0,0,5,5,2224,625,5936,6561
5,11120,8480,0,0,5,5,2224,4865,1696,6561
5,11128,108,0,0,4,4,2782,13375,81,13456
5,11128,428,0,0,4,4,2782,40960,107,41067
5,11128,676,0,0,4,4,2782,4205,169,4374
5,11128,1856,0,0,4,4,2782,10985,464,11449
5,11130,80,0,0,5,5,2226,2385,16,2401
5,11136,256,0,0,4,4,2784,4975,128,5103
5,11136,324,0,0,4,4,2784,6125,243,6368
5,11152,432,0,0,4,4,2788,4805,108,4913
5,11180,5,0,0,5,5,2236,16640,1,16641
5,11180,65,0,0,5,5,2236,16000,39,16039
5,11210,20,0,0,5,5,2242,2295,4,2299
5,11210,20,0,0,5,5,2242,3245,4,3249
5,11210,95,0,0,5,5,2242,3245,19,3264
5,11210,95,0,0,5,5,2242,17405,19,17424
5,11210,135,0,0,5,5,2242,5605,27,5632
5,11210,220,0,0,5,5,2242,16875,176,17051
5,11210,295,0,0,5,5,2242,24565,59,24624
5,11210,1020,0,0,5,5,2242,6655,204,6859
5,11210,2560,0,0,5,5,2242,1275,1024,2299
5,11210,2560,0,0,5,5,2242,625,2048,2673
5,11210,3645,0,0,5,5,2242,125,2187,2312
5,11210,3645,0,0,5,5,2242,20570,729,21299
5,11210,4720,0,0,5,5,2242,3025,1888,4913
5,11210,7220,0,0,5,5,2242,2025,2888,4913
5,11210,10285,0,0,5,5,2242,2560,2057,4617
5,11210,10935,0,0,5,5,2242,24565,2187,26752
5,11220,55,0,0,5,5,2244,24565,11,24576
5,11220,3645,0,0,5,5,2244,125,2187,2312
5,11232,32,0,0,4,4,2808,3645,8,3653
5,11248,36,0,0,4,4,2812,4480,9,4489
5,11248,36,0,0,4,4,2812,34295,9,34304
5,11248,56,0,0,4,4,2812,6845,14,6859
5,11248,76,0,0,4,4,2812,16750,57,16807
5,11248,148,0,0,4,4,2812,6480,37,6517
5,11248,196,0,0,4,4,2812,4440,49,4489
5,11248,268,0,0,4,4,2812,6845,67,6912
5,11248,268,0,0,4,4,2812,11840,67,11907
5,11248,768,0,0,4,4,2812,6475,384,6859
5,11248,1568,0,0,4,4,2812,6075,784,6859
5,11248,2916,0,0,4,4,2812,44890,729,45619
5,11248,5476,0,0,4,4,2812,22445,1369,23814
5,11248,7236,0,0,4,4,2812,6125,5427,11552
5,11248,10368,0,0,4,4,2812,1675,5184,6859
5,11256,36,0,0,4,4,2814,4480,9,4489
5,11256,196,0,0,4,4,2814,16335,49,16384
5,11256,484,0,0,4,4,2814,3015,121,3136
5,11256,4096,0,0,4,4,2814,3465,1024,4489
5,11270,5,0,0,5,5,2254,2645,1,2646
5,11270,5,0,0,5,5,2254,25920,1,25921
5,11270,245,0,0,25,5,2254,3125,49,3174
5,11270,320,0,0,5,5,2254,11045,64,11109
5,11270,4320,0,0,5,5,2254,575,1728,2303
5,11270,11045,0,0,5,5,2254,735,2209,2944
5,11300,10985,0,0,5,5,2260,1080,2197,3277
5,11310,845,0,0,5,5,2262,4205,169,4374
5,11330,55,0,0,25,5,2266,3125,11,3136
5,11330,640,0,0,5,5,2266,3645,128,3773
5,11330,1280,0,0,5,5,2266,2575,512,3087
5,11330,4480,0,0,5,5,2266,5665,896,6561
5,11330,5940,0,0,5,5,2266,25,2376,2401
5,11330,11330,0,0,5,5,2266,135,2266,2401
5,11352,172,0,0,20,4,2838,3125,43,3168
5,11368,28,0,0,20,4,2842,3125,7,3132
5,11368,96,0,0,4,4,2842,9875,72,9947
5,11368,116,0,0,4,4,2842,3555,29,3584
5,11370,5,0,0,5,5,2274,5120,1,5121
5,11390,640,0,0,5,5,2278,5625,512,6137
5,11400,1960,0,0,5,5,2280,6075,784,6859
5,11400,8748,0,0,4,4,2850,4805,2187,6992
5,11400,10935,0,0,5,5,2280,245,2187,2432
5,11430,5,0,0,5,5,2286,6655,1,6656
5,11440,8748,0,0,4,4,2860,3445,2187,5632
5,11440,8748,0,0,4,4,2860,22000,6561,28561
5,11460,185,0,0,5,5,2292,5120,37,5157
5,11460,370,0,0,5,5,2292,5625,296,5921
5,11460,2160,0,0,5,5,2292,4625,1296,5921
5,11472,1372,0,0,4,4,2868,8405,343,8748
5,11480,5,0,0,5,5,2296,6125,3,6128
5,11480,5,0,0,5,5,2296,6560,1,6561
5,11480,205,0,0,5,5,2296,10935,41,10976
5,11480,1640,0,0,5,5,2296,2025,656,2681
5,11480,1715,0,0,5,5,2296,8405,343,8748
5,11480,1715,0,0,5,5,2296,15360,343,15703
5,11480,2430,0,0,5,5,2296,1915,486,2401
5,11480,8405,0,0,5,5,2296,720,1681,2401
5,11536,4,0,0,4,4,2884,4095,1,4096
5,11536,4,0,0,4,4,2884,10815,1,10816
5,11536,444,0,0,4,4,2884,3185,111,3296
5,11536,1024,0,0,4,4,2884,2575,512,3087
5,11536,5476,0,0,4,4,2884,3090,1369,4459
5,11536,5476,0,0,4,4,2884,5120,1369,6489
5,11536,5476,0,0,4,4,2884,6695,1369,8064
5,11536,5476,0,0,4,4,2884,23660,1369,25029
5,11536,9604,0,0,4,4,2884,515,2401,2916
5,11536,9604,0,0,4,4,2884,4160,2401,6561
5,11536,9984,0,0,4,4,2884,625,9984,10609
5,11536,10816,0,0,4,4,2884,1875,10816,12691
5,11536,11124,0,0,4,4,2884,845,2781,3626
5,11540,540,0,0,5,5,2308,14425,216,14641
5,11540,640,0,0,5,5,2308,3645,128,3773
5,11540,5940,0,0,5,5,2308,25,2376,2401
5,11544,4,0,0,4,4,2886,7695,1,7696
5,11544,12,0,0,20,4,2886,6250,3,6253
5,11544,1924,0,0,4,4,2886,6080,481,6561
5,11550,2560,0,0,5,5,2310,625,2048,2673
5,11560,7120,0,0,5,5,2312,25,2848,2873
5,11570,405,0,0,5,5,2314,28480,81,28561
5,11570,3645,0,0,5,5,2314,1780,729,2509
5,11570,3645,0,0,5,5,2314,11125,2187,13312
5,11580,380,0,0,5,5,2316,3645,76,3721
5,11584,4,0,0,4,4,2896,25920,1,25921
5,11584,512,0,0,4,4,2896,4375,512,4887
5,11584,972,0,0,4,4,2896,3920,243,4163
5,11592,232,0,0,4,4,2898,3645,58,3703
5,11592,10672,0,0,4,4,2898,1225,5336,6561
5,11610,45,0,0,5,5,2322,6880,9,6889
5,11610,9245,0,0,5,5,2322,5040,1849,6889
5,11640,10368,0,0,4,4,2910,4225,5184,9409
5,11648,416,0,0,4,4,2912,29375,416,29791
5,11656,3844,0,0,4,4,2914,125,2883,3008
5,11660,1945,0,0,5,5,2332,2420,389,2809
5,11660,2560,0,0,5,5,2332,625,2048,2673
5,11660,4320,0,0,5,5,2332,1945,864,2809
5,11660,5445,0,0,5,5,2332,125,3267,3392
5,11688,8748,0,0,4,4,2922,10240,2187,12427
5,11696,4,0,0,4,4,2924,10240,1,10241
5,11696,44,0,0,4,4,2924,4085,11,4096
5,11696,2156,0,0,4,4,2924,4085,539,4624
5,11696,4096,0,0,4,4,2924,13475,2048,15523
5,11696,5324,0,0,4,4,2924,1805,1331,3136
5,11696,7396,0,0,4,4,2924,1330,1849,3179
5,11704,4,0,0,4,4,2926,3135,1,3136
5,11704,4,0,0,4,4,2926,10240,1,10241
5,11704,4,0,0,4,4,2926,14640,1,14641
5,11704,4,0,0,4,4,2926,29645,1,29646
5,11704,32,0,0,4,4,2926,11875,32,11907
5,11704,44,0,0,20,4,2926,3125,11,3136
5,11704,64,0,0,4,4,2926,16775,32,16807
5,11704,244,0,0,4,4,2926,14580,61,14641
5,11704,304,0,0,4,4,2926,3645,76,3721
5,11704,304,0,0,4,4,2926,5625,304,5929
5,11704,512,0,0,4,4,2926,3645,128,3773
5,11704,732,0,0,4,4,2926,32585,183,32768
5,11704,792,0,0,4,4,2926,3325,396,3721
5,11704,1024,0,0,4,4,2926,3465,256,3721
5,11704,1444,0,0,4,4,2926,3360,361,3721
5,11704,2052,0,0,4,4,2926,6655,513,7168
5,11704,3344,0,0,4,4,2926,625,3344,3969
5,11704,4104,0,0,4,4,2926,2695,1026,3721
5,11704,4312,0,0,4,4,2926,18605,1078,19683
5,11704,4864,0,0,4,4,2926,125,3648,3773
5,11704,5324,0,0,4,4,2926,1805,1331,3136
5,11704,5324,0,0,4,4,2926,3610,1331,4941
5,11704,5632,0,0,4,4,2926,5795,1408,7203
5,11704,5832,0,0,4,4,2926,6655,1458,8113
5,11704,6272,0,0,4,4,2926,625,6272,6897
5,11704,7392,0,0,4,4,2926,25,3696,3721
5,11704,9272,0,0,4,4,2926,1925,4636,6561
5,11704,9604,0,0,4,4,2926,1320,2401,3721
5,11704,9604,0,0,4,4,2926,26840,2401,29241
5,11720,11720,0,0,5,5,2344,225,4688,4913
5,11730,15,0,0,25,5,2346,3125,3,3128
5,11750,135,0,0,5,5,2350,12005,27,12032
5,11752,32,0,0,4,4,2938,4375,32,4407
5,11752,6272,0,0,4,4,2938,25425,3136,28561
5,11760,245,0,0,5,5,2352,16335,49,16384
5,11760,535,0,0,5,5,2352,8085,107,8192
5,11760,2560,0,0,5,5,2352,625,2048,2673
5,11760,3645,0,0,5,5,2352,2695,729,3424
5,11776,64,0,0,4,4,2944,13225,32,13257
5,11780,15,0,0,5,5,2356,16375,9,16384
5,11780,1280,0,0,5,5,2356,10935,256,11191
5,11780,1280,0,0,5,5,2356,15625,1536,17161
5,11784,972,0,0,4,4,2946,3685,243,3928
5,11790,15,0,0,5,5,2358,16375,9,16384
5,11790,8640,0,0,5,5,2358,25,3456,3481
5,11808,10368,0,0,4,4,2952,875,7776,8651
5,11820,5,0,0,5,5,2364,2560,1,2561
5,11820,5,0,0,5,5,2364,4095,1,4096
5,11820,5,0,0,5,5,2364,38415,1,38416
5,11820,80,0,0,5,5,2364,15925,32,15957
5,11832,32,0,0,4,4,2958,18225,16,18241
5,11832,1332,0,0,4,4,2958,3625,999,4624
5,11832,4292,0,0,4,4,2958,3840,1073,4913
5,11856,1444,0,0,4,4,2964,7415,361,7776
5,11872,212,0,0,4,4,2968,15435,53,15488
5,11872,512,0,0,4,4,2968,3645,128,3773
5,11880,5,0,0,5,5,2376,6560,1,6561
5,11880,128,0,0,4,4,2970,6655,32,6687
5,11880,2255,0,0,5,5,2376,3645,451,4096
5,11880,8405,0,0,5,5,2376,12960,1681,14641
5,11896,3844,0,0,4,4,2974,10935,961,11896
5,11900,6885,0,0,5,5,2380,25,2754,2779
5,11900,10935,0,0,5,5,2380,4165,2187,6352
5,11904,972,0,0,4,4,2976,7445,243,7688
5,11960,35,0,0,5,5,2392,12160,7,12167
5,11960,70,0,0,5,5,2392,5625,56,5681
5,11960,95,0,0,5,5,2392,15360,19,15379
5,11960,320,0,0,5,5,2392,3185,64,3249
5,11960,460,0,0,5,5,2392,4275,184,4459
5,11960,560,0,0,5,5,2392,2875,336,3211
5,11960,810,0,0,5,5,2392,12005,162,12167
5,11960,1235,0,0,5,5,2392,16560,247,16807
5,11960,1960,0,0,5,5,2392,6075,784,6859
5,11960,2520,0,0,5,5,2392,2375,1512,3887
5,11960,2645,0,0,5,5,2392,4655,529,5184
5,11960,2645,0,0,5,5,2392,8575,1058,9633
5,11960,2835,0,0,5,5,2392,10985,567,11552
5,11960,7220,0,0,5,5,2392,1715,1444,3159
5,11960,7935,0,0,5,5,2392,845,1587,2432
5,11960,8645,0,0,5,5,2392,1215,1729,2944
5,11960,8645,0,0,5,5,2392,2645,1729,4374
5,11960,9310,0,0,5,5,2392,625,7448,8073
5,11960,10935,0,0,5,5,2392,245,2187,2432
5,11960,10985,0,0,5,5,2392,4320,2197,6517
5,11960,11960,0,0,5,5,2392,135,2392,2527
5,11968,5508,0,0,4,4,2992,2495,1377,3872
5,11970,3645,0,0,5,5,2394,2995,729,3724
5,12000,10935,0,0,5,5,2400,6005,2187,8192
5,12012,24,0,0,6,6,2002,4455,4,4459
5,12012,24,0,0,6,6,2002,27885,4,27889
5,12012,42,0,0,6,6,2002,13520,7,13527
5,12012,54,0,0,6,6,2002,2695,9,2704
5,12012,144,0,0,6,6,2002,15125,72,15197
5,12012,294,0,0,6,6,2002,16335,49,16384
5,12012,1002,0,0,6,6,2002,16640,167,16807
5,12012,1014,0,0,6,6,2002,5760,169,5929
5,12012,1014,0,0,6,6,2002,27720,169,27889
5,12012,2004,0,0,6,6,2002,10985,334,11319
5,12012,2592,0,0,6,6,2002,875,1296,2171
5,12012,3072,0,0,6,6,2002,625,2048,2673
5,12012,8112,0,0,6,6,2002,835,1352,2187
5,12012,10752,0,0,6,6,2002,405,1792,2197
5,12012,11022,0,0,6,6,2002,360,1837,2197
5,12024,4374,0,0,6,6,2004,125,2187,2312
5,12030,80,0,0,5,5,2406,9245,16,9261
5,12060,4860,0,0,5,5,2412,2125,2916,5041
5,12060,5360,0,0,5,5,2412,625,4288,4913
5,12080,5,0,0,5,5,2416,4680,1,4681
5,12080,7680,0,0,5,5,2416,19375,6144,25519
5,12084,96,0,0,6,6,2014,2385,16,2401
5,12084,2166,0,0,6,6,2014,14045,361,14406
5,12084,4374,0,0,6,6,2014,16960,729,17689
5,12084,8904,0,0,6,6,2014,625,5936,6561
5,12084,10176,0,0,6,6,2014,1225,3392,4617
5,12132,24,0,0,6,6,2022,3025,8,3033
5,12132,162,0,0,6,6,2022,3680,27,3707
5,12132,3072,0,0,6,6,2022,625,2048,2673
5,12170,245,0,0,5,5,2434,24340,49,24389
5,12180,5,0,0,5,5,2436,2645,1,2646
5,12180,5,0,0,5,5,2436,12005,1,12006
5,12180,5,0,0,5,5,2436,25920,1,25921
5,12180,115,0,0,5,5,2436,4240,23,4263
5,12180,290,0,0,5,5,2436,3645,58,3703
5,12180,3105,0,0,5,5,2436,3625,1863,5488
5,12180,4205,0,0,5,5,2436,3920,841,4761
5,12180,4205,0,0,5,5,2436,10935,841,11776
5,12180,6480,0,0,5,5,2436,14045,1296,15341
5,12180,7155,0,0,5,5,2436,2875,4293,7168
5,12180,9315,0,0,5,5,2436,12985,1863,14848
5,12180,12005,0,0,5,5,2436,2645,2401,5046
5,12200,2560,0,0,5,5,2440,625,2048,2673
5,12200,11285,0,0,5,5,2440,405,2257,2662
5,12210,20,0,0,5,5,2442,10985,4,10989
5,12210,2560,0,0,5,5,2442,625,2048,2673
5,12210,2585,0,0,5,5,2442,17280,517,17797
5,12210,4160,0,0,5,5,2442,3645,832,4477
5,12210,8695,0,0,5,5,2442,10240,1739,11979
5,12210,10935,0,0,5,5,2442,22000,6561,28561
5,12210,11045,0,0,5,5,2442,495,2209,2704
5,12252,1344,0,0,6,6,2042,5105,224,5329
5,12264,6,0,0,6,6,2044,9855,1,9856
5,12264,6,0,0,6,6,2044,15840,1,15841
5,12264,24,0,0,6,6,2044,11315,4,11319
5,12264,96,0,0,6,6,2044,24025,32,24057
5,12264,186,0,0,6,6,2044,3025,62,3087
5,12264,216,0,0,6,6,2044,15625,216,15841
5,12264,294,0,0,6,6,2044,5280,49,5329
5,12264,294,0,0,6,6,2044,16335,49,16384
5,12264,384,0,0,6,6,2044,9125,192,9317
5,12264,486,0,0,6,6,2044,4015,81,4096
5,12264,876,0,0,6,6,2044,29645,146,29791
5,12264,3066,0,0,6,6,2044,3240,511,3751
5,12264,5766,0,0,6,6,2044,1440,961,2401
5,12264,6174,0,0,6,6,2044,125,3087,3212
5,12264,7056,0,0,6,6,2044,625,4704,5329
5,12264,11616,0,0,6,6,2044,465,1936,2401
5,12264,11826,0,0,6,6,2044,4805,1971,6776
5,12264,11904,0,0,6,6,2044,25,3968,3993
5,12276,96,0,0,6,6,2046,24025,32,24057
5,12312,8424,0,0,6,6,2052,625,5616,6241
5,12320,55,0,0,25,5,2464,3125,11,3136
5,12320,245,0,0,5,5,2464,16335,49,16384
5,12320,1280,0,0,5,5,2464,14385,256,14641
5,12380,8640,0,0,5,5,2476,25,3456,3481
5,12380,10240,0,0,5,5,2476,1475,4096,5571
5,12380,12005,0,0,5,5,2476,1080,2401,3481
5,12390,8640,0,0,5,5,2478,25,3456,3481
5,12408,2178,0,0,6,6,2068,2645,363,3008
5,12410,3285,0,0,5,5,2482,2125,1971,4096
5,12410,8395,0,0,5,5,2482,24565,1679,26244
5,12410,11560,0,0,5,5,2482,9855,2312,12167
5,12420,972,0,0,6,6,2070,12005,162,12167
5,12420,3072,0,0,6,6,2070,11655,512,12167
5,12432,102,0,0,6,6,2072,2240,17,2257
5,12444,366,0,0,6,6,2074,2880,61,2941
5,12444,4374,0,0,6,6,2074,125,2187,2312
5,12470,5,0,0,5,5,2494,16640,1,16641
5,12470,845,0,0,5,5,2494,4205,169,4374
5,12480,1280,0,0,5,5,2496,10985,256,11241
5,12516,6,0,0,6,6,2086,4320,1,4321
5,12516,486,0,0,6,6,2086,2320,81,2401
5,12516,3528,0,0,6,6,2086,21025,1176,22201
5,12516,12288,0,0,6,6,2086,225,4096,4321
5,12530,5,0,0,5,5,2506,3135,1,3136
5,12530,5,0,0,5,5,2506,10240,1,10241
5,12530,5,0,0,5,5,2506,40095,1,40096
5,12530,40,0,0,5,5,2506,11875,32,11907
5,12530,55,0,0,5,5,2506,3580,11,3591
5,12530,380,0,0,5,5,2506,5625,304,5929
5,12530,605,0,0,5,5,2506,31920,121,32041
5,12530,640,0,0,5,5,2506,3645,128,3773
5,12530,1215,0,0,5,5,2506,17005,243,17248
5,12530,1215,0,0,5,5,2506,22375,729,23104
5,12530,1805,0,0,5,5,2506,9845,361,10206
5,12530,1805,0,0,5,5,2506,31680,361,32041
5,12530,2565,0,0,5,5,2506,6655,513,7168
5,12530,3040,0,0,5,5,2506,13425,1216,14641
5,12530,4180,0,0,5,5,2506,625,3344,3969
5,12530,6080,0,0,5,5,2506,125,3648,3773
5,12530,6655,0,0,5,5,2506,1805,1331,3136
5,12530,7840,0,0,5,5,2506,625,6272,6897
5,12540,6840,0,0,5,5,2508,25,2736,2761
5,12564,1536,0,0,6,6,2094,15625,1536,17161
5,12570,480,0,0,5,5,2514,4625,288,4913
5,12588,1458,0,0,6,6,2098,5245,243,5488
5,12636,6,0,0,6,6,2106,10880,1,10881
5,12636,186,0,0,6,6,2106,10985,31,11016
5,12636,648,0,0,6,6,2106,4805,108,4913
5,12636,5766,0,0,6,6,2106,1215,961,2176
5,12650,2560,0,0,5,5,2530,625,2048,2673
5,12660,3072,0,0,6,6,2110,625,2048,2673
5,12660,4220,0,0,25,5,2532,3125,844,3969
5,12672,294,0,0,6,6,2112,16335,49,16384
5,12672,3072,0,0,6,6,2112,625,2048,2673
5,12720,5,0,0,5,5,2544,27135,1,27136
5,12720,45,0,0,5,5,2544,34295,9,34304
5,12730,10240,0,0,5,5,2546,1235,2048,3283
5,12740,765,0,0,5,5,2548,4000,459,4459
5,12740,8640,0,0,5,5,2548,3185,1728,4913
5,12750,1160,0,0,5,5,2550,6875,928,7803
5,12750,2560,0,0,5,5,2550,625,2048,2673
5,12768,48,0,0,6,6,2128,11875,32,11907
5,12768,1458,0,0,6,6,2128,8875,729,9604
5,12804,6,0,0,6,6,2134,7920,1,7921
5,12804,1536,0,0,6,6,2134,2425,512,2937
5,12804,7986,0,0,6,6,2134,4365,1331,5696
5,12810,945,0,0,5,5,2562,7625,567,8192
5,12840,642,0,0,6,6,2140,2205,107,2312
5,12852,54,0,0,6,6,2142,4480,9,4489
5,12852,192,0,0,6,6,2142,30625,128,30753
5,12852,1944,0,0,6,6,2142,4165,324,4489
5,12852,4374,0,0,6,6,2142,125,2187,2312
5,12852,5202,0,0,6,6,2142,8375,2601,10976
5,12852,6432,0,0,6,6,2142,625,4288,4913
5,12852,9792,0,0,6,6,2142,1225,3264,4489
5,12860,260,0,0,5,5,2572,3215,52,3267
5,12860,2560,0,0,5,5,2572,625,2048,2673
5,12860,10935,0,0,5,5,2572,16075,4374,20449
5,12860,10935,0,0,5,5,2572,22000,6561,28561
5,12870,5,0,0,5,5,2574,2645,1,2646
5,12870,5,0,0,5,5,2574,3380,1,3381
5,12870,5,0,0,5,5,2574,4095,1,4096
5,12870,5,0,0,5,5,2574,6655,1,6656
5,12870,5,0,0,5,5,2574,8280,1,8281
5,12870,5,0,0,5,5,2574,25920,1,25921
5,12870,20,0,0,5,5,2574,4455,4,4459
5,12870,45,0,0,5,5,2574,2695,9,2704
5,12870,55,0,0,5,5,2574,7360,11,7371
5,12870,55,0,0,25,5,2574,3125,11,3136
5,12870,120,0,0,5,5,2574,7865,24,7889
5,12870,130,0,0,5,5,2574,33275,52,33327
5,12870,245,0,0,5,5,2574,3240,49,3289
5,12870,245,0,0,5,5,2574,16335,49,16384
5,12870,280,0,0,5,5,2574,8125,224,8349
5,12870,320,0,0,5,5,2574,3575,128,3703
5,12870,405,0,0,5,5,2574,14560,81,14641
5,12870,495,0,0,5,5,2574,2645,99,2744
5,12870,605,0,0,5,5,2574,6440,121,6561
5,12870,845,0,0,5,5,2574,5760,169,5929
5,12870,1320,0,0,5,5,2574,11375,792,12167
5,12870,3080,0,0,5,5,2574,27945,616,28561
5,12870,3645,0,0,5,5,2574,2560,729,3289
5,12870,5120,0,0,5,5,2574,1725,2048,3773
5,12870,6655,0,0,5,5,2574,1225,2662,3887
5,12870,6655,0,0,5,5,2574,3430,1331,4761
5,12870,8580,0,0,5,5,2574,15625,10296,25921
5,12870,9720,0,0,5,5,2574,6875,7776,14651
5,12870,10780,0,0,5,5,2574,15625,12936,28561
5,12870,11270,0,0,5,5,2574,5625,9016,14641
5,12870,12005,0,0,5,5,2574,4160,2401,6561
5,12888,2148,0,0,30,6,2148,3125,358,3483
5,12920,7220,0,0,5,5,2584,2025,2888,4913
5,12924,294,0,0,6,6,2154,16335,49,16384
5,12930,9705,0,0,5,5,2586,2155,1941,4096
5,12936,6,0,0,6,6,2156,6655,1,6656
5,12936,6,0,0,6,6,2156,9295,1,9296
5,12936,66,0,0,30,6,2156,3125,11,3136
5,12960,552,0,0,6,6,2160,2025,184,2209
5,12980,8640,0,0,5,5,2596,25,3456,3481
5,12980,9680,0,0,5,5,2596,25,3872,3897
5,13056,66,0,0,6,6,2176,24565,11,24576
5,13068,2178,0,0,30,6,2178,3125,363,3488
5,13080,5,0,0,5,5,2616,11880,1,11881
5,13080,15,0,0,5,5,2616,29645,3,29648
5,13080,40,0,0,5,5,2616,4905,8,4913
5,13080,55,0,0,5,5,2616,12960,11,12971
5,13080,55,0,0,5,5,2616,24565,11,24576
5,13080,80,0,0,5,5,2616,6545,16,6561
5,13080,80,0,0,5,5,2616,13125,64,13189
5,13080,405,0,0,5,5,2616,14080,81,14161
5,13080,605,0,0,5,5,2616,11760,121,11881
5,13080,605,0,0,5,5,2616,20480,121,20601
5,13080,640,0,0,5,5,2616,3645,128,3773
5,13080,640,0,0,5,5,2616,15895,128,16023
5,13080,3815,0,0,5,5,2616,7040,763,7803
5,13080,3840,0,0,5,5,2616,875,2304,3179
5,13080,6655,0,0,5,5,2616,425,2662,3087
5,13080,6655,0,0,5,5,2616,13005,1331,14336
5,13080,9265,0,0,5,5,2616,1920,1853,3773
5,13080,12005,0,0,5,5,2616,12240,2401,14641
5,13092,24,0,0,6,6,2182,14175,8,14183
5,13092,192,0,0,6,6,2182,7605,32,7637
5,13092,6144,0,0,6,6,2182,1225,2048,3273
5,13092,10752,0,0,6,6,2182,405,1792,2197
5,13092,13092,0,0,6,6,2182,5,2182,2187
5,13092,13092,0,0,6,6,2182,15,2182,2197
5,13100,135,0,0,5,5,2620,34295,27,34322
5,13104,6,0,0,6,6,2184,4095,1,4096
5,13104,2916,0,0,6,6,2184,1225,972,2197
5,13104,11664,0,0,6,6,2184,27325,3888,31213
5,13110,5120,0,0,5,5,2622,1805,1024,2829
5,13130,5840,0,0,5,5,2626,4225,2336,6561
5,13160,135,0,0,5,5,2632,12005,27,12032
5,13200,2560,0,0,5,5,2640,625,2048,2673
5,13200,3072,0,0,6,6,2200,625,2048,2673
5,13212,6144,0,0,6,6,2202,475,2048,2523
5,13248,18,0,0,30,6,2208,3125,3,3128
5,13260,170,0,0,25,5,2652,3125,34,3159
5,13260,6635,0,0,5,5,2652,2430,1327,3757
5,13272,1134,0,0,6,6,2212,16195,189,16384
5,13284,6,0,0,6,6,2214,6560,1,6561
5,13290,40,0,0,5,5,2658,11875,32,11907
5,13310,2560,0,0,5,5,2662,625,2048,2673
5,13320,5,0,0,5,5,2664,3440,1,3441
5,13320,3072,0,0,6,6,2220,625,2048,2673
5,13320,3645,0,0,5,5,2664,26875,2916,29791
5,13320,4805,0,0,5,5,2664,1075,1922,2997
5,13344,96,0,0,6,6,2224,2385,16,2401
5,13344,8904,0,0,6,6,2224,625,5936,6561
5,13344,10176,0,0,6,6,2224,4865,1696,6561
5,13356,96,0,0,6,6,2226,2385,16,2401
5,13380,515,0,0,5,5,2676,4460,103,4563
5,13380,1280,0,0,5,5,2676,1875,1024,2899
5,13380,12480,0,0,5,5,2676,625,9984,10609
5,13416,6,0,0,6,6,2236,16640,1,16641
5,13416,78,0,0,6,6,2236,16000,39,16039
5,13430,3555,0,0,5,5,2686,5120,711,5831
5,13430,5440,0,0,5,5,2686,625,4352,4977
5,13430,12005,0,0,5,5,2686,3840,2401,6241
5,13452,24,0,0,6,6,2242,2295,4,2299
5,13452,24,0,0,6,6,2242,3245,4,3249
5,13452,114,0,0,6,6,2242,3245,19,3264
5,13452,114,0,0,6,6,2242,17405,19,17424
5,13452,162,0,0,6,6,2242,5605,27,5632
5,13452,264,0,0,6,6,2242,16875,176,17051
5,13452,354,0,0,6,6,2242,24565,59,24624
5,13452,1224,0,0,6,6,2242,6655,204,6859
5,13452,3072,0,0,6,6,2242,1275,1024,2299
5,13452,3072,0,0,6,6,2242,625,2048,2673
5,13452,4374,0,0,6,6,2242,125,2187,2312
5,13452,4374,0,0,6,6,2242,20570,729,21299
5,13452,5664,0,0,6,6,2242,3025,1888,4913
5,13452,8664,0,0,6,6,2242,2025,2888,4913
5,13452,12342,0,0,6,6,2242,2560,2057,4617
5,13452,13122,0,0,6,6,2242,24565,2187,26752
5,13464,66,0,0,6,6,2244,24565,11,24576
5,13464,4374,0,0,6,6,2244,125,2187,2312
5,13520,5,0,0,5,5,2704,6560,1,6561
5,13520,5,0,0,5,5,2704,6655,1,6656
5,13520,845,0,0,5,5,2704,5125,507,5632
5,13520,2255,0,0,5,5,2704,3645,451,4096
5,13520,7605,0,0,5,5,2704,13120,1521,14641
5,13520,8405,0,0,5,5,2704,12960,1681,14641
5,13524,6,0,0,6,6,2254,2645,1,2646
5,13524,6,0,0,6,6,2254,25920,1,25921
5,13524,294,0,0,30,6,2254,3125,49,3174
5,13524,384,0,0,6,6,2254,11045,64,11109
5,13524,5184,0,0,6,6,2254,575,1728,2303
5,13524,13254,0,0,6,6,2254,735,2209,2944
5,13530,5,0,0,5,5,2706,6560,1,6561
5,13530,2255,0,0,5,5,2706,3645,451,4096
5,13530,8405,0,0,5,5,2706,12960,1681,14641
5,13560,13182,0,0,6,6,2260,1080,2197,3277
5,13572,1014,0,0,6,6,2262,4205,169,4374
5,13580,4365,0,0,5,5,2716,125,2619,2744
5,13580,12005,0,0,5,5,2716,12125,7203,19328
5,13596,66,0,0,30,6,2266,3125,11,3136
5,13596,768,0,0,6,6,2266,3645,128,3773
5,13596,1536,0,0,6,6,2266,2575,512,3087
5,13596,5376,0,0,6,6,2266,5665,896,6561
5,13596,7128,0,0,6,6,2266,25,2376,2401
5,13596,13596,0,0,6,6,2266,135,2266,2401
5,13640,540,0,0,5,5,2728,29575,216,29791
5,13640,640,0,0,5,5,2728,3645,128,3773
5,13640,715,0,0,5,5,2728,4960,143,5103
5,13640,1715,0,0,5,5,2728,4805,343,5148
5,13640,11340,0,0,5,5,2728,24025,4536,28561
5,13644,6,0,0,6,6,2274,5120,1,5121
5,13650,2560,0,0,5,5,2730,32955,512,33467
5,13668,768,0,0,6,6,2278,5625,512,6137
5,13670,5,0,0,5,5,2734,10935,1,10936
5,13670,120,0,0,5,5,2734,6835,24,6859
5,13680,2352,0,0,6,6,2280,6075,784,6859
5,13680,13122,0,0,6,6,2280,245,2187,2432
5,13716,6,0,0,6,6,2286,6655,1,6656
5,13752,222,0,0,6,6,2292,5120,37,5157
5,13752,444,0,0,6,6,2292,5625,296,5921
5,13752,2592,0,0,6,6,2292,4625,1296,5921
5,13760,10935,0,0,5,5,2752,10240,2187,12427
5,13770,170,0,0,5,5,2754,4225,68,4293
5,13770,170,0,0,25,5,2754,3125,34,3159
5,13770,2120,0,0,5,5,2754,2025,848,2873
5,13770,3645,0,0,5,5,2754,2080,729,2809
5,13776,6,0,0,6,6,2296,6125,3,6128
5,13776,6,0,0,6,6,2296,6560,1,6561
5,13776,246,0,0,6,6,2296,10935,41,10976
5,13776,1968,0,0,6,6,2296,2025,656,2681
5,13776,2058,0,0,6,6,2296,8405,343,8748
5,13776,2058,0,0,6,6,2296,15360,343,15703
5,13776,2916,0,0,6,6,2296,1915,486,2401
5,13776,10086,0,0,6,6,2296,720,1681,2401
5,13820,5,0,0,5,5,2764,3455,1,3456
5,13848,648,0,0,6,6,2308,14425,216,14641
5,13848,768,0,0,6,6,2308,3645,128,3773
5,13848,7128,0,0,6,6,2308,25,2376,2401
5,13850,1385,0,0,25,5,2770,3125,277,3402
5,13860,35,0,0,5,5,2772,7220,7,7227
5,13860,45,0,0,5,5,2772,5320,9,5329
5,13860,245,0,0,5,5,2772,5280,49,5329
5,13860,245,0,0,5,5,2772,7695,49,7744
5,13860,245,0,0,5,5,2772,16335,49,16384
5,13860,285,0,0,5,5,2772,3520,57,3577
5,13860,320,0,0,5,5,2772,9125,192,9317
5,13860,560,0,0,5,5,2772,3025,224,3249
5,13860,735,0,0,5,5,2772,2375,441,2816
5,13860,1045,0,0,5,5,2772,5120,209,5329
5,13860,1960,0,0,5,5,2772,6075,784,6859
5,13860,2420,0,0,5,5,2772,1825,968,2793
5,13860,3072,0,0,6,6,2310,625,2048,2673
5,13860,3285,0,0,5,5,2772,2000,1971,3971
5,13860,5145,0,0,5,5,2772,125,3087,3212
5,13860,5760,0,0,5,5,2772,3025,2304,5329
5,13860,5760,0,0,5,5,2772,26645,1152,27797
5,13860,7220,0,0,5,5,2772,3025,2888,5913
5,13860,10260,0,0,5,5,2772,1225,4104,5329
5,13860,10260,0,0,5,5,2772,1825,4104,5929
5,13860,10260,0,0,5,5,2772,625,8208,8833
5,13860,12635,0,0,5,5,2772,275,5054,5329
5,13860,12635,0,0,5,5,2772,32805,2527,35332
5,13872,8544,0,0,6,6,2312,25,2848,2873
5,13884,486,0,0,6,6,2314,28480,81,28561
5,13884,4374,0,0,6,6,2314,1780,729,2509
5,13884,4374,0,0,6,6,2314,11125,2187,13312
5,13896,456,0,0,6,6,2316,3645,76,3721
5,13910,135,0,0,5,5,2782,13375,81,13456
5,13910,535,0,0,5,5,2782,40960,107,41067
5,13910,845,0,0,5,5,2782,4205,169,4374
5,13910,2320,0,0,5,5,2782,10985,464,11449
5,13920,320,0,0,5,5,2784,4975,128,5103
5,13920,405,0,0,5,5,2784,6125,243,6368
5,13932,54,0,0,6,6,2322,6880,9,6889
5,13932,11094,0,0,6,6,2322,5040,1849,6889
5,13940,540,0,0,5,5,2788,4805,108,4913
5,13992,2334,0,0,6,6,2332,2420,389,2809
5,13992,3072,0,0,6,6,2332,625,2048,2673
5,13992,5184,0,0,6,6,2332,1945,864,2809
5,13992,6534,0,0,6,6,2332,125,3267,3392
5,14014,28,0,0,7,7,2002,4455,4,4459
5,14014,28,0,0,7,7,2002,27885,4,27889
5,14014,49,0,0,7,7,2002,13520,7,13527
5,14014,63,0,0,7,7,2002,2695,9,2704
5,14014,168,0,0,7,7,2002,15125,72,15197
5,14014,343,0,0,7,7,2002,16335,49,16384
5,14014,1169,0,0,7,7,2002,16640,167,16807
5,14014,1183,0,0,7,7,2002,5760,169,5929
5,14014,1183,0,0,7,7,2002,27720,169,27889
5,14014,2338,0,0,7,7,2002,10985,334,11319
5,14014,3024,0,0,7,7,2002,875,1296,2171
5,14014,3584,0,0,7,7,2002,625,2048,2673
5,14014,9464,0,0,7,7,2002,835,1352,2187
5,14014,12544,0,0,7,7,2002,405,1792,2197
5,14014,12859,0,0,7,7,2002,360,1837,2197
5,14028,5103,0,0,7,7,2004,125,2187,2312
5,14040,40,0,0,5,5,2808,3645,8,3653
5,14060,45,0,0,5,5,2812,4480,9,4489
5,14060,45,0,0,5,5,2812,34295,9,34304
5,14060,70,0,0,5,5,2812,6845,14,6859
5,14060,95,0,0,5,5,2812,16750,57,16807
5,14060,185,0,0,5,5,2812,6480,37,6517
5,14060,245,0,0,5,5,2812,4440,49,4489
5,14060,335,0,0,5,5,2812,6845,67,6912
5,14060,335,0,0,5,5,2812,11840,67,11907
5,14060,960,0,0,5,5,2812,6475,384,6859
5,14060,1960,0,0,5,5,2812,6075,784,6859
5,14060,3645,0,0,5,5,2812,44890,729,45619
5,14060,6845,0,0,5,5,2812,22445,1369,23814
5,14060,9045,0,0,5,5,2812,6125,5427,11552
5,14060,12960,0,0,5,5,2812,1675,5184,6859
5,14064,14064,0,0,6,6,2344,225,4688,4913
5,14070,45,0,0,5,5,2814,4480,9,4489
5,14070,245,0,0,5,5,2814,16335,49,16384
5,14070,605,0,0,5,5,2814,3015,121,3136
5,14070,5120,0,0,5,5,2814,3465,1024,4489
5,14076,18,0,0,30,6,2346,3125,3,3128
5,14098,112,0,0,7,7,2014,2385,16,2401
5,14098,2527,0,0,7,7,2014,14045,361,14406
5,14098,5103,0,0,7,7,2014,16960,729,17689
5,14098,10388,0,0,7,7,2014,625,5936,6561
5,14098,11872,0,0,7,7,2014,1225,3392,4617
5,14100,162,0,0,6,6,2350,12005,27,12032
5,14112,294,0,0,6,6,2352,16335,49,16384
5,14112,642,0,0,6,6,2352,8085,107,8192
5,14112,3072,0,0,6,6,2352,625,2048,2673
5,14112,4374,0,0,6,6,2352,2695,729,3424
5,14136,18,0,0,6,6,2356,16375,9,16384
5,14136,1536,0,0,6,6,2356,10935,256,11191
5,14136,1536,0,0,6,6,2356,15625,1536,17161
5,14148,18,0,0,6,6,2358,16375,9,16384
5,14148,10368,0,0,6,6,2358,25,3456,3481
5,14154,28,0,0,7,7,2022,3025,8,3033
5,14154,189,0,0,7,7,2022,3680,27,3707
5,14154,3584,0,0,7,7,2022,625,2048,2673
5,14184,6,0,0,6,6,2364,2560,1,2561
5,14184,6,0,0,6,6,2364,4095,1,4096
5,14184,6,0,0,6,6,2364,38415,1,38416
5,14184,96,0,0,6,6,2364,15925,32,15957
5,14190,215,0,0,25,5,2838,3125,43,3168
5,14210,35,0,0,25,5,2842,3125,7,3132
5,14210,120,0,0,5,5,2842,9875,72,9947
5,14210,145,0,0,5,5,2842,3555,29,3584
5,14250,10935,0,0,5,5,2850,4805,2187,6992
5,14256,6,0,0,6,6,2376,6560,1,6561
5,14256,2706,0,0,6,6,2376,3645,451,4096
5,14256,10086,0,0,6,6,2376,12960,1681,14641
5,14280,8262,0,0,6,6,2380,25,2754,2779
5,14280,13122,0,0,6,6,2380,4165,2187,6352
5,14294,1568,0,0,7,7,2042,5105,224,5329
5,14300,10935,0,0,5,5,2860,3445,2187,5632
5,14300,10935,0,0,5,5,2860,22000,6561,28561
5,14308,7,0,0,7,7,2044,9855,1,9856
5,14308,7,0,0,7,7,2044,15840,1,15841
5,14308,28,0,0,7,7,2044,11315,4,11319
5,14308,112,0,0,7,7,2044,24025,32,24057
5,14308,217,0,0,7,7,2044,3025,62,3087
5,14308,252,0,0,7,7,2044,15625,216,15841
5,14308,343,0,0,7,7,2044,5280,49,5329
5,14308,343,0,0,7,7,2044,16335,49,16384
5,14308,448,0,0,7,7,2044,9125,192,9317
5,14308,567,0,0,7,7,2044,4015,81,4096
5,14308,1022,0,0,7,7,2044,29645,146,29791
5,14308,3577,0,0,7,7,2044,3240,511,3751
5,14308,6727,0,0,7,7,2044,1440,961,2401
5,14308,7203,0,0,7,7,2044,125,3087,3212
5,14308,8232,0,0,7,7,2044,625,4704,5329
5,14308,13552,0,0,7,7,2044,465,1936,2401
5,14308,13797,0,0,7,7,2044,4805,1971,6776
5,14308,13888,0,0,7,7,2044,25,3968,3993
5,14322,112,0,0,7,7,2046,24025,32,24057
5,14340,1715,0,0,5,5,2868,8405,343,8748
5,14352,42,0,0,6,6,2392,12160,7,12167
5,14352,84,0,0,6,6,2392,5625,56,5681
5,14352,114,0,0,6,6,2392,15360,19,15379
5,14352,384,0,0,6,6,2392,3185,64,3249
5,14352,552,0,0,6,6,2392,4275,184,4459
5,14352,672,0,0,6,6,2392,2875,336,3211
5,14352,972,0,0,6,6,2392,12005,162,12167
5,14352,1482,0,0,6,6,2392,16560,247,16807
5,14352,2352,0,0,6,6,2392,6075,784,6859
5,14352,3024,0,0,6,6,2392,2375,1512,3887
5,14352,3174,0,0,6,6,2392,4655,529,5184
5,14352,3174,0,0,6,6,2392,8575,1058,9633
5,14352,3402,0,0,6,6,2392,10985,567,11552
5,14352,8664,0,0,6,6,2392,1715,1444,3159
5,14352,9522,0,0,6,6,2392,845,1587,2432
5,14352,10374,0,0,6,6,2392,1215,1729,2944
5,14352,10374,0,0,6,6,2392,2645,1729,4374
5,14352,11172,0,0,6,6,2392,625,7448,8073
5,14352,13122,0,0,6,6,2392,245,2187,2432
5,14352,13182,0,0,6,6,2392,4320,2197,6517
5,14352,14352,0,0,6,6,2392,135,2392,2527
5,14364,4374,0,0,6,6,2394,2995,729,3724
5,14364,9828,0,0,7,7,2052,625,5616,6241
5,14400,13122,0,0,6,6,2400,6005,2187,8192
5,14420,5,0,0,5,5,2884,4095,1,4096
5,14420,5,0,0,5,5,2884,10815,1,10816
5,14420,555,0,0,5,5,2884,3185,111,3296
5,14420,1280,0,0,5,5,2884,2575,512,3087
5,14420,6845,0,0,5,5,2884,3090,1369,4459
5,14420,6845,0,0,5,5,2884,5120,1369,6489
5,14420,6845,0,0,5,5,2884,6695,1369,8064
5,14420,6845,0,0,5,5,2884,23660,1369,25029
5,14420,12005,0,0,5,5,2884,515,2401,2916
5,14420,12005,0,0,5,5,2884,4160,2401,6561
5,14420,12480,0,0,5,5,2884,625,9984,10609
5,14420,13520,0,0,5,5,2884,1875,10816,12691
5,14420,13905,0,0,5,5,2884,845,2781,3626
5,14430,5,0,0,5,5,2886,7695,1,7696
5,14430,15,0,0,25,5,2886,6250,3,6253
5,14430,2405,0,0,5,5,2886,6080,481,6561
5,14436,96,0,0,6,6,2406,9245,16,9261
5,14472,5832,0,0,6,6,2412,2125,2916,5041
5,14472,6432,0,0,6,6,2412,625,4288,4913
5,14476,2541,0,0,7,7,2068,2645,363,3008
5,14480,5,0,0,5,5,2896,25920,1,25921
5,14480,640,0,0,5,5,2896,4375,512,4887
5,14480,1215,0,0,5,5,2896,3920,243,4163
5,14490,290,0,0,5,5,2898,3645,58,3703
5,14490,1134,0,0,7,7,2070,12005,162,12167
5,14490,3584,0,0,7,7,2070,11655,512,12167
5,14490,13340,0,0,5,5,2898,1225,5336,6561
5,14496,6,0,0,6,6,2416,4680,1,4681
5,14496,9216,0,0,6,6,2416,19375,6144,25519
5,14504,119,0,0,7,7,2072,2240,17,2257
5,14518,427,0,0,7,7,2074,2880,61,2941
5,14518,5103,0,0,7,7,2074,125,2187,2312
5,14550,12960,0,0,5,5,2910,4225,5184,9409
5,14560,520,0,0,5,5,2912,29375,416,29791
5,14570,4805,0,0,5,5,2914,125,2883,3008
5,14602,7,0,0,7,7,2086,4320,1,4321
5,14602,567,0,0,7,7,2086,2320,81,2401
5,14602,4116,0,0,7,7,2086,21025,1176,22201
5,14602,14336,0,0,7,7,2086,225,4096,4321
5,14604,294,0,0,6,6,2434,24340,49,24389
5,14610,10935,0,0,5,5,2922,10240,2187,12427
5,14616,6,0,0,6,6,2436,2645,1,2646
5,14616,6,0,0,6,6,2436,12005,1,12006
5,14616,6,0,0,6,6,2436,25920,1,25921
5,14616,138,0,0,6,6,2436,4240,23,4263
5,14616,348,0,0,6,6,2436,3645,58,3703
5,14616,3726,0,0,6,6,2436,3625,1863,5488
5,14616,5046,0,0,6,6,2436,3920,841,4761
5,14616,5046,0,0,6,6,2436,10935,841,11776
5,14616,7776,0,0,6,6,2436,14045,1296,15341
5,14616,8586,0,0,6,6,2436,2875,4293,7168
5,14616,11178,0,0,6,6,2436,12985,1863,14848
5,14616,14406,0,0,6,6,2436,2645,2401,5046
5,14620,5,0,0,5,5,2924,10240,1,10241
5,14620,55,0,0,5,5,2924,4085,11,4096
5,14620,2695,0,0,5,5,2924,4085,539,4624
5,14620,5120,0,0,5,5,2924,13475,2048,15523
5,14620,6655,0,0,5,5,2924,1805,1331,3136
5,14620,9245,0,0,5,5,2924,1330,1849,3179
5,14630,5,0,0,5,5,2926,3135,1,3136
5,14630,5,0,0,5,5,2926,10240,1,10241
5,14630,5,0,0,5,5,2926,14640,1,14641
5,14630,5,0,0,5,5,2926,29645,1,29646
5,14630,40,0,0,5,5,2926,11875,32,11907
5,14630,55,0,0,25,5,2926,3125,11,3136
5,14630,80,0,0,5,5,2926,16775,32,16807
5,14630,305,0,0,5,5,2926,14580,61,14641
5,14630,380,0,0,5,5,2926,3645,76,3721
5,14630,380,0,0,5,5,2926,5625,304,5929
5,14630,640,0,0,5,5,2926,3645,128,3773
5,14630,915,0,0,5,5,2926,32585,183,32768
5,14630,990,0,0,5,5,2926,3325,396,3721
5,14630,1280,0,0,5,5,2926,3465,256,3721
5,14630,1805,0,0,5,5,2926,3360,361,3721
5,14630,2565,0,0,5,5,2926,6655,513,7168
5,14630,4180,0,0,5,5,2926,625,3344,3969
5,14630,5130,0,0,5,5,2926,2695,1026,3721
5,14630,5390,0,0,5,5,2926,18605,1078,19683
5,14630,6080,0,0,5,5,2926,125,3648,3773
5,14630,6655,0,0,5,5,2926,1805,1331,3136
5,14630,6655,0,0,5,5,2926,3610,1331,4941
5,14630,7040,0,0,5,5,2926,5795,1408,7203
5,14630,7290,0,0,5,5,2926,6655,1458,8113
5,14630,7840,0,0,5,5,2926,625,6272,6897
5,14630,9240,0,0,5,5,2926,25,3696,3721
5,14630,11590,0,0,5,5,2926,1925,4636,6561
5,14630,12005,0,0,5,5,2926,1320,2401,3721
5,14630,12005,0,0,5,5,2926,26840,2401,29241
5,14640,3072,0,0,6,6,2440,625,2048,2673
5,14640,13542,0,0,6,6,2440,405,2257,2662
5,14652,24,0,0,6,6,2442,10985,4,10989
5,14652,3072,0,0,6,6,2442,625,2048,2673
5,14652,3102,0,0,6,6,2442,17280,517,17797
5,14652,4992,0,0,6,6,2442,3645,832,4477
5,14652,10434,0,0,6,6,2442,10240,1739,11979
5,14652,13122,0,0,6,6,2442,22000,6561,28561
5,14652,13254,0,0,6,6,2442,495,2209,2704
5,14658,1792,0,0,7,7,2094,15625,1536,17161
5,14686,1701,0,0,7,7,2098,5245,243,5488
5,14690,40,0,0,5,5,2938,4375,32,4407
5,14690,7840,0,0,5,5,2938,25425,3136,28561
5,14720,80,0,0,5,5,2944,13225,32,13257
5,14730,1215,0,0,5,5,2946,3685,243,3928
5,14742,7,0,0,7,7,2106,10880,1,10881
5,14742,217,0,0,7,7,2106,10985,31,11016
5,14742,756,0,0,7,7,2106,4805,108,4913
5,14742,6727,0,0,7,7,2106,1215,961,2176
5,14760,12960,0,0,5,5,2952,875,7776,8651
5,14770,3584,0,0,7,7,2110,625,2048,2673
5,14784,66,0,0,30,6,2464,3125,11,3136
5,14784,294,0,0,6,6,2464,16335,49,16384
5,14784,343,0,0,7,7,2112,16335,49,16384
5,14784,1536,0,0,6,6,2464,14385,256,14641
5,14784,3584,0,0,7,7,2112,625,2048,2673
5,14790,40,0,0,5,5,2958,18225,16,18241
5,14790,1665,0,0,5,5,2958,3625,999,4624
5,14790,5365,0,0,5,5,2958,3840,1073,4913
5,14820,1805,0,0,5,5,2964,7415,361,7776
5,14840,265,0,0,5,5,2968,15435,53,15488
5,14840,640,0,0,5,5,2968,3645,128,3773
5,14850,160,0,0,5,5,2970,6655,32,6687
5,14856,10368,0,0,6,6,2476,25,3456,3481
5,14856,12288,0,0,6,6,2476,1475,4096,5571
5,14856,14406,0,0,6,6,2476,1080,2401,3481
5,14868,10368,0,0,6,6,2478,25,3456,3481
5,14870,4805,0,0,5,5,2974,10935,961,11896
5,14880,1215,0,0,5,5,2976,7445,243,7688
5,14892,3942,0,0,6,6,2482,2125,1971,4096
5,14892,10074,0,0,6,6,2482,24565,1679,26244
5,14892,13872,0,0,6,6,2482,9855,2312,12167
5,14896,56,0,0,7,7,2128,11875,32,11907
5,14896,1701,0,0,7,7,2128,8875,729,9604
5,14938,7,0,0,7,7,2134,7920,1,7921
5,14938,1792,0,0,7,7,2134,2425,512,2937
5,14938,9317,0,0,7,7,2134,4365,1331,5696
5,14960,6885,0,0,5,5,2992,2495,1377,3872
5,14964,6,0,0,6,6,2494,16640,1,16641
5,14964,1014,0,0,6,6,2494,4205,169,4374
5,14976,1536,0,0,6,6,2496,10985,256,11241
5,14980,749,0,0,7,7,2140,2205,107,2312
5,14994,63,0,0,7,7,2142,4480,9,4489
5,14994,224,0,0,7,7,2142,30625,128,30753
5,14994,2268,0,0,7,7,2142,4165,324,4489
5,14994,5103,0,0,7,7,2142,125,2187,2312
5,14994,6069,0,0,7,7,2142,8375,2601,10976
5,14994,7504,0,0,7,7,2142,625,4288,4913
5,14994,11424,0,0,7,7,2142,1225,3264,4489
5,15036,6,0,0,6,6,2506,3135,1,3136
5,15036,6,0,0,6,6,2506,10240,1,10241
5,15036,6,0,0,6,6,2506,40095,1,40096
5,15036,48,0,0,6,6,2506,11875,32,11907
5,15036,66,0,0,6,6,2506,3580,11,3591
5,15036,456,0,0,6,6,2506,5625,304,5929
5,15036,726,0,0,6,6,2506,31920,121,32041
5,15036,768,0,0,6,6,2506,3645,128,3773
5,15036,1458,0,0,6,6,2506,17005,243,17248
5,15036,1458,0,0,6,6,2506,22375,729,23104
5,15036,2166,0,0,6,6,2506,9845,361,10206
5,15036,2166,0,0,6,6,2506,31680,361,32041
5,15036,2506,0,0,35,7,2148,3125,358,3483
5,15036,3078,0,0,6,6,2506,6655,513,7168
5,15036,3648,0,0,6,6,2506,13425,1216,14641
5,15036,5016,0,0,6,6,2506,625,3344,3969
5,15036,7296,0,0,6,6,2506,125,3648,3773
5,15036,7986,0,0,6,6,2506,1805,1331,3136
5,15036,9408,0,0,6,6,2506,625,6272,6897
5,15048,8208,0,0,6,6,2508,25,2736,2761
5,15078,343,0,0,7,7,2154,16335,49,16384
5,15084,576,0,0,6,6,2514,4625,288,4913
5,15092,7,0,0,7,7,2156,6655,1,6656
5,15092,7,0,0,7,7,2156,9295,1,9296
5,15092,77,0,0,35,7,2156,3125,11,3136
5,15120,644,0,0,7,7,2160,2025,184,2209
5,15180,3072,0,0,6,6,2530,625,2048,2673
5,15192,5064,0,0,30,6,2532,3125,844,3969
5,15232,77,0,0,7,7,2176,24565,11,24576
5,15246,2541,0,0,35,7,2178,3125,363,3488
5,15264,6,0,0,6,6,2544,27135,1,27136
5,15264,54,0,0,6,6,2544,34295,9,34304
5,15274,28,0,0,7,7,2182,14175,8,14183
5,15274,224,0,0,7,7,2182,7605,32,7637
5,15274,7168,0,0,7,7,2182,1225,2048,3273
5,15274,12544,0,0,7,7,2182,405,1792,2197
5,15274,15274,0,0,7,7,2182,5,2182,2187
5,15274,15274,0,0,7,7,2182,15,2182,2197
5,15276,12288,0,0,6,6,2546,1235,2048,3283
5,15288,7,0,0,7,7,2184,4095,1,4096
5,15288,918,0,0,6,6,2548,4000,459,4459
5,15288,3402,0,0,7,7,2184,1225,972,2197
5,15288,10368,0,0,6,6,2548,3185,1728,4913
5,15288,13608,0,0,7,7,2184,27325,3888,31213
5,15300,1392,0,0,6,6,2550,6875,928,7803
5,15300,3072,0,0,6,6,2550,625,2048,2673
5,15372,1134,0,0,6,6,2562,7625,567,8192
5,15400,3584,0,0,7,7,2200,625,2048,2673
5,15414,7168,0,0,7,7,2202,475,2048,2523
5,15432,312,0,0,6,6,2572,3215,52,3267
5,15432,3072,0,0,6,6,2572,625,2048,2673
5,15432,13122,0,0,6,6,2572,16075,4374,20449
5,15432,13122,0,0,6,6,2572,22000,6561,28561
5,15444,6,0,0,6,6,2574,2645,1,2646
5,15444,6,0,0,6,6,2574,3380,1,3381
5,15444,6,0,0,6,6,2574,4095,1,4096
5,15444,6,0,0,6,6,2574,6655,1,6656
5,15444,6,0,0,6,6,2574,8280,1,8281
5,15444,6,0,0,6,6,2574,25920,1,25921
5,15444,24,0,0,6,6,2574,4455,4,4459
5,15444,54,0,0,6,6,2574,2695,9,2704
5,15444,66,0,0,6,6,2574,7360,11,7371
5,15444,66,0,0,30,6,2574,3125,11,3136
5,15444,144,0,0,6,6,2574,7865,24,7889
5,15444,156,0,0,6,6,2574,33275,52,33327
5,15444,294,0,0,6,6,2574,3240,49,3289
5,15444,294,0,0,6,6,2574,16335,49,16384
5,15444,336,0,0,6,6,2574,8125,224,8349
5,15444,384,0,0,6,6,2574,3575,128,3703
5,15444,486,0,0,6,6,2574,14560,81,14641
5,15444,594,0,0,6,6,2574,2645,99,2744
5,15444,726,0,0,6,6,2574,6440,121,6561
5,15444,1014,0,0,6,6,2574,5760,169,5929
5,15444,1584,0,0,6,6,2574,11375,792,12167
5,15444,3696,0,0,6,6,2574,27945,616,28561
5,15444,4374,0,0,6,6,2574,2560,729,3289
5,15444,6144,0,0,6,6,2574,1725,2048,3773
5,15444,7986,0,0,6,6,2574,1225,2662,3887
5,15444,7986,0,0,6,6,2574,3430,1331,4761
5,15444,10296,0,0,6,6,2574,15625,10296,25921
5,15444,11664,0,0,6,6,2574,6875,7776,14651
5,15444,12936,0,0,6,6,2574,15625,12936,28561
5,15444,13524,0,0,6,6,2574,5625,9016,14641
5,15444,14406,0,0,6,6,2574,4160,2401,6561
5,15456,21,0,0,35,7,2208,3125,3,3128
5,15484,1323,0,0,7,7,2212,16195,189,16384
5,15498,7,0,0,7,7,2214,6560,1,6561
5,15504,8664,0,0,6,6,2584,2025,2888,4913
5,15516,11646,0,0,6,6,2586,2155,1941,4096
5,15540,3584,0,0,7,7,2220,625,2048,2673
5,15568,112,0,0,7,7,2224,2385,16,2401
5,15568,10388,0,0,7,7,2224,625,5936,6561
5,15568,11872,0,0,7,7,2224,4865,1696,6561
5,15576,10368,0,0,6,6,2596,25,3456,3481
5,15576,11616,0,0,6,6,2596,25,3872,3897
5,15582,112,0,0,7,7,2226,2385,16,2401
5,15652,7,0,0,7,7,2236,16640,1,16641
5,15652,91,0,0,7,7,2236,16000,39,16039
5,15694,28,0,0,7,7,2242,2295,4,2299
5,15694,28,0,0,7,7,2242,3245,4,3249
5,15694,133,0,0,7,7,2242,3245,19,3264
5,15694,133,0,0,7,7,2242,17405,19,17424
5,15694,189,0,0,7,7,2242,5605,27,5632
5,15694,308,0,0,7,7,2242,16875,176,17051
5,15694,413,0,0,7,7,2242,24565,59,24624
5,15694,1428,0,0,7,7,2242,6655,204,6859
5,15694,3584,0,0,7,7,2242,1275,1024,2299
5,15694,3584,0,0,7,7,2242,625,2048,2673
5,15694,5103,0,0,7,7,2242,125,2187,2312
5,15694,5103,0,0,7,7,2242,20570,729,21299
5,15694,6608,0,0,7,7,2242,3025,1888,4913
5,15694,10108,0,0,7,7,2242,2025,2888,4913
5,15694,14399,0,0,7,7,2242,2560,2057,4617
5,15694,15309,0,0,7,7,2242,24565,2187,26752
5,15696,6,0,0,6,6,2616,11880,1,11881
5,15696,18,0,0,6,6,2616,29645,3,29648
5,15696,48,0,0,6,6,2616,4905,8,4913
5,15696,66,0,0,6,6,2616,12960,11,12971
5,15696,66,0,0,6,6,2616,24565,11,24576
5,15696,96,0,0,6,6,2616,6545,16,6561
5,15696,96,0,0,6,6,2616,13125,64,13189
5,15696,486,0,0,6,6,2616,14080,81,14161
5,15696,726,0,0,6,6,2616,11760,121,11881
5,15696,726,0,0,6,6,2616,20480,121,20601
5,15696,768,0,0,6,6,2616,3645,128,3773
5,15696,768,0,0,6,6,2616,15895,128,16023
5,15696,4578,0,0,6,6,2616,7040,763,7803
5,15696,4608,0,0,6,6,2616,875,2304,3179
5,15696,7986,0,0,6,6,2616,425,2662,3087
5,15696,7986,0,0,6,6,2616,13005,1331,14336
5,15696,11118,0,0,6,6,2616,1920,1853,3773
5,15696,14406,0,0,6,6,2616,12240,2401,14641
5,15708,77,0,0,7,7,2244,24565,11,24576
5,15708,5103,0,0,7,7,2244,125,2187,2312
5,15720,162,0,0,6,6,2620,34295,27,34322
5,15732,6144,0,0,6,6,2622,1805,1024,2829
5,15756,7008,0,0,6,6,2626,4225,2336,6561
5,15778,7,0,0,7,7,2254,2645,1,2646
5,15778,7,0,0,7,7,2254,25920,1,25921
5,15778,343,0,0,35,7,2254,3125,49,3174
5,15778,448,0,0,7,7,2254,11045,64,11109
5,15778,6048,0,0,7,7,2254,575,1728,2303
5,15778,15463,0,0,7,7,2254,735,2209,2944
5,15792,162,0,0,6,6,2632,12005,27,12032
5,15820,15379,0,0,7,7,2260,1080,2197,3277
5,15834,1183,0,0,7,7,2262,4205,169,4374
5,15840,3072,0,0,6,6,2640,625,2048,2673
5,15862,77,0,0,35,7,2266,3125,11,3136
5,15862,896,0,0,7,7,2266,3645,128,3773
5,15862,1792,0,0,7,7,2266,2575,512,3087
5,15862,6272,0,0,7,7,2266,5665,896,6561
5,15862,8316,0,0,7,7,2266,25,2376,2401
5,15862,15862,0,0,7,7,2266,135,2266,2401
5,15912,204,0,0,30,6,2652,3125,34,3159
5,15912,7962,0,0,6,6,2652,2430,1327,3757
5,15918,7,0,0,7,7,2274,5120,1,5121
5,15946,896,0,0,7,7,2278,5625,512,6137
5,15948,48,0,0,6,6,2658,11875,32,11907
5,15960,2744,0,0,7,7,2280,6075,784,6859
5,15960,15309,0,0,7,7,2280,245,2187,2432
5,15972,3072,0,0,6,6,2662,625,2048,2673
5,15984,6,0,0,6,6,2664,3440,1,3441
5,15984,4374,0,0,6,6,2664,26875,2916,29791
5,15984,5766,0,0,6,6,2664,1075,1922,2997
5,16002,7,0,0,7,7,2286,6655,1,6656
5,16016,32,0,0,8,8,2002,4455,4,4459
5,16016,32,0,0,8,8,2002,27885,4,27889
5,16016,56,0,0,8,8,2002,13520,7,13527
5,16016,72,0,0,8,8,2002,2695,9,2704
5,16016,192,0,0,8,8,2002,15125,72,15197
5,16016,392,0,0,8,8,2002,16335,49,16384
5,16016,1336,0,0,8,8,2002,16640,167,16807
5,16016,1352,0,0,8,8,2002,5760,169,5929
5,16016,1352,0,0,8,8,2002,27720,169,27889
5,16016,2672,0,0,8,8,2002,10985,334,11319
5,16016,3456,0,0,8,8,2002,875,1296,2171
5,16016,4096,0,0,8,8,2002,625,2048,2673
5,16016,10816,0,0,8,8,2002,835,1352,2187
5,16016,14336,0,0,8,8,2002,405,1792,2197
5,16016,14696,0,0,8,8,2002,360,1837,2197
5,16032,5832,0,0,8,8,2004,125,2187,2312
5,16044,259,0,0,7,7,2292,5120,37,5157
5,16044,518,0,0,7,7,2292,5625,296,5921
5,16044,3024,0,0,7,7,2292,4625,1296,5921
5,16056,618,0,0,6,6,2676,4460,103,4563
5,16056,1536,0,0,6,6,2676,1875,1024,2899
5,16056,14976,0,0,6,6,2676,625,9984,10609
5,16072,7,0,0,7,7,2296,6125,3,6128
5,16072,7,0,0,7,7,2296,6560,1,6561
5,16072,287,0,0,7,7,2296,10935,41,10976
5,16072,2296,0,0,7,7,2296,2025,656,2681
5,16072,2401,0,0,7,7,2296,8405,343,8748
5,16072,2401,0,0,7,7,2296,15360,343,15703
5,16072,3402,0,0,7,7,2296,1915,486,2401
5,16072,11767,0,0,7,7,2296,720,1681,2401
5,16112,128,0,0,8,8,2014,2385,16,2401
5,16112,2888,0,0,8,8,2014,14045,361,14406
5,16112,5832,0,0,8,8,2014,16960,729,17689
5,16112,11872,0,0,8,8,2014,625,5936,6561
5,16112,13568,0,0,8,8,2014,1225,3392,4617
5,16116,4266,0,0,6,6,2686,5120,711,5831
5,16116,6528,0,0,6,6,2686,625,4352,4977
5,16116,14406,0,0,6,6,2686,3840,2401,6241
5,16156,756,0,0,7,7,2308,14425,216,14641
5,16156,896,0,0,7,7,2308,3645,128,3773
5,16156,8316,0,0,7,7,2308,25,2376,2401
5,16170,3584,0,0,7,7,2310,625,2048,2673
5,16176,32,0,0,8,8,2022,3025,8,3033
5,16176,216,0,0,8,8,2022,3680,27,3707
5,16176,4096,0,0,8,8,2022,625,2048,2673
5,16184,9968,0,0,7,7,2312,25,2848,2873
5,16198,567,0,0,7,7,2314,28480,81,28561
5,16198,5103,0,0,7,7,2314,1780,729,2509
5,16198,5103,0,0,7,7,2314,11125,2187,13312
5,16212,532,0,0,7,7,2316,3645,76,3721
5,16224,6,0,0,6,6,2704,6560,1,6561
5,16224,6,0,0,6,6,2704,6655,1,6656
5,16224,1014,0,0,6,6,2704,5125,507,5632
5,16224,2706,0,0,6,6,2704,3645,451,4096
5,16224,9126,0,0,6,6,2704,13120,1521,14641
5,16224,10086,0,0,6,6,2704,12960,1681,14641
5,16236,6,0,0,6,6,2706,6560,1,6561
5,16236,2706,0,0,6,6,2706,3645,451,4096
5,16236,10086,0,0,6,6,2706,12960,1681,14641
5,16254,63,0,0,7,7,2322,6880,9,6889
5,16254,12943,0,0,7,7,2322,5040,1849,6889
5,16296,5238,0,0,6,6,2716,125,2619,2744
5,16296,14406,0,0,6,6,2716,12125,7203,19328
5,16324,2723,0,0,7,7,2332,2420,389,2809
5,16324,3584,0,0,7,7,2332,625,2048,2673
5,16324,6048,0,0,7,7,2332,1945,864,2809
5,16324,7623,0,0,7,7,2332,125,3267,3392
5,16336,1792,0,0,8,8,2042,5105,224,5329
5,16352,8,0,0,8,8,2044,9855,1,9856
5,16352,8,0,0,8,8,2044,15840,1,15841
5,16352,32,0,0,8,8,2044,11315,4,11319
5,16352,128,0,0,8,8,2044,24025,32,24057
5,16352,248,0,0,8,8,2044,3025,62,3087
5,16352,288,0,0,8,8,2044,15625,216,15841
5,16352,392,0,0,8,8,2044,5280,49,5329
5,16352,392,0,0,8,8,2044,16335,49,16384
5,16352,512,0,0,8,8,2044,9125,192,9317
5,16352,648,0,0,8,8,2044,4015,81,4096
5,16352,1168,0,0,8,8,2044,29645,146,29791
5,16352,4088,0,0,8,8,2044,3240,511,3751
5,16352,7688,0,0,8,8,2044,1440,961,2401
5,16352,8232,0,0,8,8,2044,125,3087,3212
5,16352,9408,0,0,8,8,2044,625,4704,5329
5,16352,15488,0,0,8,8,2044,465,1936,2401
5,16352,15768,0,0,8,8,2044,4805,1971,6776
5,16352,15872,0,0,8,8,2044,25,3968,3993
5,16368,128,0,0,8,8,2046,24025,32,24057
5,16368,648,0,0,6,6,2728,29575,216,29791
5,16368,768,0,0,6,6,2728,3645,128,3773
5,16368,858,0,0,6,6,2728,4960,143,5103
5,16368,2058,0,0,6,6,2728,4805,343,5148
5,16368,13608,0,0,6,6,2728,24025,4536,28561
5,16380,3072,0,0,6,6,2730,32955,512,33467
5,16404,6,0,0,6,6,2734,10935,1,10936
5,16404,144,0,0,6,6,2734,6835,24,6859
5,16408,16408,0,0,7,7,2344,225,4688,4913
5,16416,11232,0,0,8,8,2052,625,5616,6241
5,16422,21,0,0,35,7,2346,3125,3,3128
5,16450,189,0,0,7,7,2350,12005,27,12032
5,16464,343,0,0,7,7,2352,16335,49,16384
5,16464,749,0,0,7,7,2352,8085,107,8192
5,16464,3584,0,0,7,7,2352,625,2048,2673
5,16464,5103,0,0,7,7,2352,2695,729,3424
5,16492,21,0,0,7,7,2356,16375,9,16384
5,16492,1792,0,0,7,7,2356,10935,256,11191
5,16492,1792,0,0,7,7,2356,15625,1536,17161
5,16506,21,0,0,7,7,2358,16375,9,16384
5,16506,12096,0,0,7,7,2358,25,3456,3481
5,16512,13122,0,0,6,6,2752,10240,2187,12427
5,16524,204,0,0,6,6,2754,4225,68,4293
5,16524,204,0,0,30,6,2754,3125,34,3159
5,16524,2544,0,0,6,6,2754,2025,848,2873
5,16524,4374,0,0,6,6,2754,2080,729,2809
5,16544,2904,0,0,8,8,2068,2645,363,3008
5,16548,7,0,0,7,7,2364,2560,1,2561
5,16548,7,0,0,7,7,2364,4095,1,4096
5,16548,7,0,0,7,7,2364,38415,1,38416
5,16548,112,0,0,7,7,2364,15925,32,15957
5,16560,1296,0,0,8,8,2070,12005,162,12167
5,16560,4096,0,0,8,8,2070,11655,512,12167
5,16576,136,0,0,8,8,2072,2240,17,2257
5,16584,6,0,0,6,6,2764,3455,1,3456
5,16592,488,0,0,8,8,2074,2880,61,2941
5,16592,5832,0,0,8,8,2074,125,2187,2312
5,16620,1662,0,0,30,6,2770,3125,277,3402
5,16632,7,0,0,7,7,2376,6560,1,6561
5,16632,42,0,0,6,6,2772,7220,7,7227
5,16632,54,0,0,6,6,2772,5320,9,5329
5,16632,294,0,0,6,6,2772,5280,49,5329
5,16632,294,0,0,6,6,2772,7695,49,7744
5,16632,294,0,0,6,6,2772,16335,49,16384
5,16632,342,0,0,6,6,2772,3520,57,3577
5,16632,384,0,0,6,6,2772,9125,192,9317
5,16632,672,0,0,6,6,2772,3025,224,3249
5,16632,882,0,0,6,6,2772,2375,441,2816
5,16632,1254,0,0,6,6,2772,5120,209,5329
5,16632,2352,0,0,6,6,2772,6075,784,6859
5,16632,2904,0,0,6,6,2772,1825,968,2793
5,16632,3157,0,0,7,7,2376,3645,451,4096
5,16632,3942,0,0,6,6,2772,2000,1971,3971
5,16632,6174,0,0,6,6,2772,125,3087,3212
5,16632,6912,0,0,6,6,2772,3025,2304,5329
5,16632,6912,0,0,6,6,2772,26645,1152,27797
5,16632,8664,0,0,6,6,2772,3025,2888,5913
5,16632,11767,0,0,7,7,2376,12960,1681,14641
5,16632,12312,0,0,6,6,2772,1225,4104,5329
5,16632,12312,0,0,6,6,2772,1825,4104,5929
5,16632,12312,0,0,6,6,2772,625,8208,8833
5,16632,15162,0,0,6,6,2772,275,5054,5329
5,16632,15162,0,0,6,6,2772,32805,2527,35332
5,16660,9639,0,0,7,7,2380,25,2754,2779
5,16660,15309,0,0,7,7,2380,4165,2187,6352
5,16688,8,0,0,8,8,2086,4320,1,4321
5,16688,648,0,0,8,8,2086,2320,81,2401
5,16688,4704,0,0,8,8,2086,21025,1176,22201
5,16688,16384,0,0,8,8,2086,225,4096,4321
5,16692,162,0,0,6,6,2782,13375,81,13456
5,16692,642,0,0,6,6,2782,40960,107,41067
5,16692,1014,0,0,6,6,2782,4205,169,4374
5,16692,2784,0,0,6,6,2782,10985,464,11449
5,16704,384,0,0,6,6,2784,4975,128,5103
5,16704,486,0,0,6,6,2784,6125,243,6368
5,16728,648,0,0,6,6,2788,4805,108,4913
5,16744,49,0,0,7,7,2392,12160,7,12167
5,16744,98,0,0,7,7,2392,5625,56,5681
5,16744,133,0,0,7,7,2392,15360,19,15379
5,16744,448,0,0,7,7,2392,3185,64,3249
5,16744,644,0,0,7,7,2392,4275,184,4459
5,16744,784,0,0,7,7,2392,2875,336,3211
5,16744,1134,0,0,7,7,2392,12005,162,12167
5,16744,1729,0,0,7,7,2392,16560,247,16807
5,16744,2744,0,0,7,7,2392,6075,784,6859
5,16744,3528,0,0,7,7,2392,2375,1512,3887
5,16744,3703,0,0,7,7,2392,4655,529,5184
5,16744,3703,0,0,7,7,2392,8575,1058,9633
5,16744,3969,0,0,7,7,2392,10985,567,11552
5,16744,10108,0,0,7,7,2392,1715,1444,3159
5,16744,11109,0,0,7,7,2392,845,1587,2432
5,16744,12103,0,0,7,7,2392,1215,1729,2944
5,16744,12103,0,0,7,7,2392,2645,1729,4374
5,16744,13034,0,0,7,7,2392,625,7448,8073
5,16744,15309,0,0,7,7,2392,245,2187,2432
5,16744,15379,0,0,7,7,2392,4320,2197,6517
5,16744,16744,0,0,7,7,2392,135,2392,2527
5,16752,2048,0,0,8,8,2094,15625,1536,17161
5,16758,5103,0,0,7,7,2394,2995,729,3724
5,16784,1944,0,0,8,8,2098,5245,243,5488
5,16800,15309,0,0,7,7,2400,6005,2187,8192
5,16842,112,0,0,7,7,2406,9245,16,9261
5,16848,8,0,0,8,8,2106,10880,1,10881
5,16848,48,0,0,6,6,2808,3645,8,3653
5,16848,248,0,0,8,8,2106,10985,31,11016
5,16848,864,0,0,8,8,2106,4805,108,4913
5,16848,7688,0,0,8,8,2106,1215,961,2176
5,16872,54,0,0,6,6,2812,4480,9,4489
5,16872,54,0,0,6,6,2812,34295,9,34304
5,16872,84,0,0,6,6,2812,6845,14,6859
5,16872,114,0,0,6,6,2812,16750,57,16807
5,16872,222,0,0,6,6,2812,6480,37,6517
5,16872,294,0,0,6,6,2812,4440,49,4489
5,16872,402,0,0,6,6,2812,6845,67,6912
5,16872,402,0,0,6,6,2812,11840,67,11907
5,16872,1152,0,0,6,6,2812,6475,384,6859
5,16872,2352,0,0,6,6,2812,6075,784,6859
5,16872,4374,0,0,6,6,2812,44890,729,45619
5,16872,8214,0,0,6,6,2812,22445,1369,23814
5,16872,10854,0,0,6,6,2812,6125,5427,11552
5,16872,15552,0,0,6,6,2812,1675,5184,6859
5,16880,4096,0,0,8,8,2110,625,2048,2673
5,16884,54,0,0,6,6,2814,4480,9,4489
5,16884,294,0,0,6,6,2814,16335,49,16384
5,16884,726,0,0,6,6,2814,3015,121,3136
5,16884,6144,0,0,6,6,2814,3465,1024,4489
5,16884,6804,0,0,7,7,2412,2125,2916,5041
5,16884,7504,0,0,7,7,2412,625,4288,4913
5,16896,392,0,0,8,8,2112,16335,49,16384
5,16896,4096,0,0,8,8,2112,625,2048,2673
5,16912,7,0,0,7,7,2416,4680,1,4681
5,16912,10752,0,0,7,7,2416,19375,6144,25519
5,17024,64,0,0,8,8,2128,11875,32,11907
5,17024,1944,0,0,8,8,2128,8875,729,9604
5,17028,258,0,0,30,6,2838,3125,43,3168
5,17038,343,0,0,7,7,2434,24340,49,24389
5,17052,7,0,0,7,7,2436,2645,1,2646
5,17052,7,0,0,7,7,2436,12005,1,12006
5,17052,7,0,0,7,7,2436,25920,1,25921
5,17052,42,0,0,30,6,2842,3125,7,3132
5,17052,144,0,0,6,6,2842,9875,72,9947
5,17052,161,0,0,7,7,2436,4240,23,4263
5,17052,174,0,0,6,6,2842,3555,29,3584
5,17052,406,0,0,7,7,2436,3645,58,3703
5,17052,4347,0,0,7,7,2436,3625,1863,5488
5,17052,5887,0,0,7,7,2436,3920,841,4761
5,17052,5887,0,0,7,7,2436,10935,841,11776
5,17052,9072,0,0,7,7,2436,14045,1296,15341
5,17052,10017,0,0,7,7,2436,2875,4293,7168
5,17052,13041,0,0,7,7,2436,12985,1863,14848
5,17052,16807,0,0,7,7,2436,2645,2401,5046
5,17072,8,0,0,8,8,2134,7920,1,7921
5,17072,2048,0,0,8,8,2134,2425,512,2937
5,17072,10648,0,0,8,8,2134,4365,1331,5696
5,17080,3584,0,0,7,7,2440,625,2048,2673
5,17080,15799,0,0,7,7,2440,405,2257,2662
5,17094,28,0,0,7,7,2442,10985,4,10989
5,17094,3584,0,0,7,7,2442,625,2048,2673
5,17094,3619,0,0,7,7,2442,17280,517,17797
5,17094,5824,0,0,7,7,2442,3645,832,4477
5,17094,12173,0,0,7,7,2442,10240,1739,11979
5,17094,15309,0,0,7,7,2442,22000,6561,28561
5,17094,15463,0,0,7,7,2442,495,2209,2704
5,17100,13122,0,0,6,6,2850,4805,2187,6992
5,17120,856,0,0,8,8,2140,2205,107,2312
5,17136,72,0,0,8,8,2142,4480,9,4489
5,17136,256,0,0,8,8,2142,30625,128,30753
5,17136,2592,0,0,8,8,2142,4165,324,4489
5,17136,5832,0,0,8,8,2142,125,2187,2312
5,17136,6936,0,0,8,8,2142,8375,2601,10976
5,17136,8576,0,0,8,8,2142,625,4288,4913
5,17136,13056,0,0,8,8,2142,1225,3264,4489
5,17160,13122,0,0,6,6,2860,3445,2187,5632
5,17160,13122,0,0,6,6,2860,22000,6561,28561
5,17184,2864,0,0,40,8,2148,3125,358,3483
5,17208,2058,0,0,6,6,2868,8405,343,8748
5,17232,392,0,0,8,8,2154,16335,49,16384
5,17248,8,0,0,8,8,2156,6655,1,6656
5,17248,8,0,0,8,8,2156,9295,1,9296
5,17248,77,0,0,35,7,2464,3125,11,3136
5,17248,88,0,0,40,8,2156,3125,11,3136
5,17248,343,0,0,7,7,2464,16335,49,16384
5,17248,1792,0,0,7,7,2464,14385,256,14641
5,17280,736,0,0,8,8,2160,2025,184,2209
5,17304,6,0,0,6,6,2884,4095,1,4096
5,17304,6,0,0,6,6,2884,10815,1,10816
5,17304,666,0,0,6,6,2884,3185,111,3296
5,17304,1536,0,0,6,6,2884,2575,512,3087
5,17304,8214,0,0,6,6,2884,3090,1369,4459
5,17304,8214,0,0,6,6,2884,5120,1369,6489
5,17304,8214,0,0,6,6,2884,6695,1369,8064
5,17304,8214,0,0,6,6,2884,23660,1369,25029
5,17304,14406,0,0,6,6,2884,515,2401,2916
5,17304,14406,0,0,6,6,2884,4160,2401,6561
5,17304,14976,0,0,6,6,2884,625,9984,10609
5,17304,16224,0,0,6,6,2884,1875,10816,12691
5,17304,16686,0,0,6,6,2884,845,2781,3626
5,17316,6,0,0,6,6,2886,7695,1,7696
5,17316,18,0,0,30,6,2886,6250,3,6253
5,17316,2886,0,0,6,6,2886,6080,481,6561
5,17332,12096,0,0,7,7,2476,25,3456,3481
5,17332,14336,0,0,7,7,2476,1475,4096,5571
5,17332,16807,0,0,7,7,2476,1080,2401,3481
5,17346,12096,0,0,7,7,2478,25,3456,3481
